11.0,3.5447938442230225,11.0,3.53702449798584,11.0,3.4693636894226074,11.0,3.3177661895751953,11.0,3.318347692489624,11.0,3.5389883518218994,11.0,3.730318069458008,11.0,3.4026806354522705,11.0,0
11.0,3.5447938442230225,11.0,3.53702449798584,11.0,3.4693636894226074,11.0,3.3177661895751953,11.0,3.318347692489624,11.0,3.5389883518218994,11.0,3.730318069458008,11.0,3.4026806354522705,11.0,-0.71128982890936576
5.318562030792236,2.989931583404541,11.0,3.0187017917633057,11.0,2.642331838607788,11.0,2.6134862899780273,11.0,2.483236789703369,11.0,2.6144368648529053,11.0,2.822409152984619,11.0,2.5622544288635254,11.0,5
11.0,11.0,11.0,11.0,11.0,11.0,11.0,11.0,11.0,11.0,11.0,11.0,11.0,11.0,11.0,11.0,11.0,-4.3841489353393337
11.0,11.0,11.0,11.0,11.0,11.0,11.0,11.0,11.0,11.0,11.0,11.0,11.0,11.0,11.0,11.0,11.0,-4.2340940687116904
11.0,11.0,11.0,11.0,11.0,11.0,11.0,11.0,11.0,11.0,11.0,11.0,11.0,11.0,11.0,11.0,11.0,-3.7671073016933998
11.0,11.0,11.0,11.0,11.0,11.0,11.0,11.0,11.0,11.0,11.0,11.0,11.0,11.0,11.0,11.0,11.0,-1.8708059370599641
11.0,11.0,11.0,11.0,11.0,11.0,11.0,11.0,11.0,11.0,11.0,11.0,11.0,11.0,11.0,11.0,11.0,-1.659303281845639
11.0,11.0,11.0,11.0,11.0,11.0,11.0,11.0,11.0,11.0,11.0,11.0,11.0,11.0,11.0,11.0,11.0,-4.7681539068259839
11.0,11.0,11.0,11.0,11.0,11.0,11.0,11.0,11.0,11.0,11.0,11.0,11.0,11.0,11.0,11.0,11.0,-3.5010184920307972
11.0,11.0,11.0,11.0,11.0,11.0,11.0,11.0,11.0,11.0,11.0,11.0,11.0,11.0,11.0,11.0,11.0,-3.3740003520366662
11.0,11.0,11.0,11.0,11.0,11.0,11.0,11.0,11.0,11.0,11.0,11.0,11.0,11.0,11.0,11.0,11.0,-2.9091149123978428
11.0,11.0,11.0,11.0,11.0,11.0,11.0,11.0,11.0,11.0,11.0,11.0,11.0,11.0,11.0,11.0,11.0,-2.6883743590787872
11.0,11.0,11.0,11.0,11.0,11.0,11.0,11.0,11.0,11.0,11.0,11.0,11.0,11.0,11.0,11.0,11.0,-2.7289004572803544
11.0,11.0,11.0,11.0,11.0,11.0,11.0,11.0,11.0,11.0,11.0,11.0,11.0,11.0,11.0,11.0,11.0,-2.4444743112924714
11.0,11.0,11.0,11.0,11.0,11.0,11.0,11.0,11.0,11.0,11.0,11.0,11.0,1.2980468273162842,11.0,11.0,11.0,-2.7050948843163782
11.0,11.0,11.0,11.0,11.0,11.0,11.0,0.873386800289154,11.0,11.0,11.0,1.2998117208480835,11.0,11.0,11.0,11.0,11.0,-2.9358141517281209
11.0,11.0,11.0,11.0,11.0,11.0,11.0,0.8669050931930542,11.0,11.0,11.0,11.0,11.0,11.0,11.0,11.0,11.0,-2.5529137362546139
11.0,11.0,11.0,11.0,11.0,11.0,11.0,0.816371738910675,11.0,11.0,11.0,11.0,11.0,1.1192225217819214,11.0,11.0,11.0,-2.2849941954227067
11.0,11.0,11.0,11.0,11.0,11.0,11.0,11.0,11.0,11.0,11.0,11.0,11.0,1.1678324937820435,11.0,1.3319011926651,11.0,-1.9836219962028878
11.0,11.0,11.0,11.0,11.0,11.0,11.0,11.0,11.0,11.0,11.0,11.0,11.0,11.0,11.0,11.0,11.0,-1.8025961015503627
11.0,11.0,11.0,11.0,11.0,11.0,11.0,11.0,11.0,11.0,11.0,11.0,11.0,11.0,11.0,11.0,11.0,-1.758322585444656
11.0,11.0,11.0,11.0,11.0,11.0,11.0,11.0,11.0,11.0,11.0,11.0,11.0,1.6343753337860107,11.0,11.0,11.0,-1.7058672077031518
11.0,11.0,11.0,11.0,11.0,11.0,11.0,11.0,11.0,11.0,11.0,11.0,11.0,11.0,11.0,11.0,11.0,-1.6293125535254371
11.0,11.0,11.0,11.0,11.0,11.0,11.0,11.0,11.0,11.0,11.0,11.0,11.0,11.0,11.0,11.0,11.0,-1.5301022982688464
11.0,11.0,11.0,11.0,11.0,11.0,11.0,11.0,11.0,11.0,11.0,11.0,11.0,11.0,11.0,11.0,11.0,-1.4602160078798192
11.0,11.0,11.0,11.0,11.0,11.0,11.0,11.0,11.0,11.0,11.0,11.0,11.0,11.0,11.0,11.0,11.0,-1.4096492871118425
11.0,11.0,11.0,11.0,11.0,11.0,11.0,11.0,11.0,11.0,11.0,11.0,11.0,11.0,11.0,11.0,11.0,-1.3022839022875485
11.0,11.0,11.0,11.0,11.0,11.0,11.0,11.0,11.0,11.0,11.0,11.0,11.0,11.0,11.0,11.0,11.0,-1.1138968279380985
11.0,11.0,11.0,11.0,11.0,11.0,11.0,11.0,11.0,11.0,11.0,11.0,11.0,11.0,11.0,11.0,11.0,-0.92396347799984258
11.0,11.0,11.0,11.0,11.0,11.0,11.0,11.0,11.0,11.0,11.0,11.0,11.0,11.0,11.0,11.0,11.0,-0.73142160308174375
11.0,11.0,11.0,11.0,11.0,11.0,11.0,11.0,11.0,11.0,11.0,11.0,11.0,11.0,11.0,11.0,11.0,-0.59447390816491585
11.0,11.0,11.0,11.0,11.0,11.0,11.0,11.0,11.0,11.0,11.0,11.0,11.0,11.0,11.0,11.0,11.0,-0.47328898972552175
11.0,11.0,11.0,11.0,11.0,11.0,11.0,11.0,11.0,11.0,11.0,11.0,11.0,11.0,11.0,11.0,11.0,-0.36675941654189942
11.0,11.0,11.0,11.0,11.0,11.0,11.0,11.0,11.0,11.0,11.0,11.0,11.0,11.0,11.0,11.0,11.0,-0.28190927976058
11.0,11.0,11.0,11.0,11.0,11.0,11.0,11.0,11.0,11.0,11.0,11.0,11.0,11.0,11.0,11.0,11.0,-0.20235758935914211
11.0,11.0,11.0,11.0,11.0,11.0,11.0,11.0,11.0,11.0,11.0,11.0,11.0,11.0,11.0,11.0,11.0,-0.13754403837576334
11.0,11.0,11.0,11.0,11.0,11.0,11.0,11.0,11.0,11.0,11.0,11.0,11.0,11.0,11.0,11.0,11.0,-0.088639202042201201
11.0,11.0,11.0,11.0,11.0,11.0,11.0,11.0,11.0,11.0,11.0,11.0,11.0,11.0,11.0,11.0,11.0,-0.034899414307194794
11.0,11.0,11.0,11.0,11.0,11.0,11.0,11.0,11.0,11.0,11.0,11.0,11.0,11.0,11.0,11.0,11.0,0.04984355655755985
11.0,11.0,11.0,11.0,11.0,11.0,11.0,11.0,11.0,11.0,11.0,11.0,11.0,11.0,11.0,11.0,11.0,0.089988803620505819
11.0,11.0,11.0,11.0,11.0,11.0,11.0,11.0,11.0,11.0,11.0,11.0,11.0,11.0,11.0,11.0,11.0,0.072066254564030721
11.0,11.0,11.0,11.0,11.0,11.0,11.0,11.0,11.0,11.0,11.0,11.0,11.0,11.0,11.0,11.0,11.0,0.038441788229058318
11.0,11.0,11.0,11.0,11.0,11.0,11.0,11.0,11.0,11.0,11.0,11.0,11.0,11.0,11.0,11.0,11.0,-0.012037298206256803
11.0,11.0,11.0,11.0,11.0,11.0,11.0,11.0,11.0,11.0,11.0,11.0,11.0,11.0,11.0,11.0,11.0,-0.08263007422524464
11.0,11.0,11.0,11.0,11.0,11.0,11.0,11.0,11.0,11.0,11.0,11.0,11.0,11.0,11.0,11.0,11.0,-0.16313071270452201
11.0,11.0,11.0,11.0,11.0,11.0,11.0,11.0,11.0,11.0,11.0,11.0,11.0,11.0,11.0,11.0,11.0,-0.2629999834699509
11.0,11.0,11.0,11.0,11.0,11.0,11.0,11.0,11.0,11.0,11.0,11.0,11.0,11.0,11.0,11.0,11.0,-0.33682934084669269
11.0,11.0,11.0,11.0,11.0,11.0,11.0,11.0,11.0,11.0,11.0,11.0,11.0,11.0,11.0,11.0,11.0,-0.41011633318932367
11.0,11.0,11.0,11.0,11.0,11.0,11.0,11.0,11.0,11.0,11.0,11.0,11.0,11.0,11.0,11.0,11.0,-0.48272172756804355
11.0,11.0,11.0,11.0,11.0,11.0,11.0,11.0,11.0,11.0,11.0,11.0,11.0,11.0,11.0,11.0,11.0,-0.55225216307453218
11.0,11.0,11.0,11.0,11.0,11.0,11.0,11.0,11.0,11.0,11.0,11.0,11.0,11.0,11.0,11.0,11.0,-0.6050359355430478
11.0,11.0,11.0,11.0,11.0,11.0,11.0,11.0,11.0,11.0,11.0,11.0,11.0,11.0,11.0,11.0,11.0,-0.63173289882921435
11.0,11.0,11.0,11.0,11.0,11.0,11.0,11.0,11.0,11.0,11.0,11.0,11.0,11.0,11.0,11.0,11.0,-0.64726655026115987
11.0,11.0,11.0,11.0,11.0,11.0,11.0,11.0,11.0,11.0,11.0,11.0,11.0,11.0,11.0,11.0,11.0,-0.64237188672365486
11.0,11.0,11.0,11.0,11.0,11.0,11.0,11.0,11.0,11.0,11.0,11.0,11.0,11.0,11.0,11.0,11.0,-0.63025240701974283
11.0,11.0,11.0,11.0,11.0,11.0,11.0,11.0,11.0,11.0,11.0,11.0,11.0,11.0,11.0,11.0,11.0,-0.59124038977936955
11.0,11.0,11.0,11.0,11.0,11.0,11.0,11.0,11.0,11.0,11.0,11.0,11.0,11.0,11.0,11.0,11.0,-0.52160815834253127
11.0,11.0,11.0,11.0,11.0,11.0,11.0,11.0,11.0,11.0,11.0,11.0,11.0,11.0,11.0,11.0,11.0,-0.44165583379042528
11.0,11.0,11.0,11.0,11.0,11.0,11.0,11.0,11.0,11.0,11.0,11.0,11.0,11.0,11.0,11.0,11.0,-0.36364058070100647
11.0,11.0,11.0,11.0,11.0,11.0,11.0,11.0,11.0,11.0,11.0,11.0,11.0,11.0,11.0,11.0,11.0,-0.26691417347744983
11.0,11.0,11.0,11.0,11.0,11.0,11.0,11.0,11.0,11.0,11.0,11.0,11.0,11.0,11.0,11.0,11.0,-0.17647336506935948
11.0,11.0,11.0,11.0,11.0,11.0,11.0,11.0,11.0,11.0,11.0,11.0,11.0,11.0,11.0,11.0,11.0,-0.084703701167743256
11.0,11.0,11.0,11.0,11.0,11.0,11.0,11.0,11.0,11.0,11.0,11.0,11.0,11.0,11.0,11.0,11.0,0.0016908883267913357
11.0,11.0,11.0,11.0,11.0,11.0,11.0,11.0,11.0,11.0,11.0,11.0,11.0,11.0,11.0,11.0,11.0,0.091496827736318773
11.0,11.0,11.0,11.0,11.0,11.0,11.0,11.0,11.0,11.0,11.0,11.0,11.0,11.0,11.0,11.0,11.0,0.20142571651566946
11.0,11.0,11.0,11.0,11.0,11.0,11.0,11.0,11.0,11.0,11.0,11.0,11.0,11.0,11.0,11.0,11.0,0.2745330381415178
11.0,11.0,11.0,11.0,11.0,11.0,11.0,11.0,11.0,11.0,11.0,11.0,11.0,11.0,11.0,11.0,11.0,0.32572907549539398
11.0,11.0,11.0,11.0,11.0,11.0,11.0,11.0,11.0,11.0,11.0,11.0,11.0,11.0,11.0,11.0,11.0,0.38278661146575937
11.0,11.0,11.0,11.0,11.0,11.0,11.0,11.0,11.0,11.0,11.0,11.0,11.0,11.0,11.0,11.0,11.0,0.40072570293468401
11.0,11.0,11.0,11.0,11.0,11.0,11.0,11.0,11.0,11.0,11.0,11.0,11.0,11.0,11.0,11.0,11.0,0.40147347218370139
11.0,11.0,11.0,11.0,11.0,11.0,11.0,11.0,11.0,11.0,11.0,11.0,11.0,11.0,11.0,11.0,11.0,0.38841925533873944
11.0,11.0,11.0,11.0,11.0,11.0,11.0,11.0,11.0,11.0,11.0,11.0,11.0,11.0,11.0,11.0,11.0,0.36719304762588395
11.0,11.0,11.0,11.0,11.0,11.0,11.0,11.0,11.0,11.0,11.0,11.0,11.0,11.0,11.0,11.0,11.0,0.30437126038963935
11.0,11.0,11.0,11.0,11.0,11.0,11.0,11.0,11.0,11.0,11.0,11.0,11.0,11.0,11.0,11.0,11.0,0.24454788369484387
11.0,11.0,11.0,11.0,11.0,11.0,11.0,11.0,11.0,11.0,11.0,11.0,11.0,11.0,11.0,11.0,11.0,0.14652037556709752
11.0,11.0,11.0,11.0,11.0,11.0,11.0,11.0,11.0,11.0,11.0,11.0,11.0,11.0,11.0,11.0,11.0,0.046866173210354523
11.0,11.0,11.0,11.0,11.0,11.0,11.0,11.0,11.0,11.0,11.0,11.0,11.0,11.0,11.0,11.0,11.0,-0.054173679333767252
11.0,11.0,11.0,11.0,11.0,11.0,11.0,11.0,11.0,11.0,11.0,11.0,11.0,11.0,11.0,11.0,11.0,-0.14483170918849311
11.0,11.0,11.0,11.0,11.0,11.0,11.0,11.0,11.0,11.0,11.0,11.0,11.0,11.0,11.0,11.0,11.0,-0.24097947587109972
11.0,11.0,11.0,11.0,11.0,11.0,11.0,11.0,11.0,11.0,11.0,11.0,11.0,11.0,11.0,11.0,11.0,-0.32214078320336675
11.0,11.0,11.0,11.0,11.0,11.0,11.0,11.0,11.0,11.0,11.0,11.0,11.0,11.0,11.0,11.0,11.0,-0.41850007525634597
11.0,11.0,11.0,11.0,11.0,11.0,11.0,11.0,11.0,11.0,11.0,11.0,11.0,11.0,11.0,11.0,11.0,-0.49670513263288368
11.0,11.0,11.0,11.0,11.0,11.0,11.0,11.0,11.0,11.0,11.0,11.0,11.0,11.0,11.0,11.0,11.0,-0.56326298101563521
11.0,11.0,11.0,11.0,11.0,11.0,11.0,11.0,11.0,11.0,11.0,11.0,11.0,11.0,11.0,11.0,11.0,-0.58743402794844768
11.0,11.0,11.0,11.0,11.0,11.0,11.0,11.0,11.0,11.0,11.0,11.0,11.0,11.0,11.0,11.0,11.0,-0.58152399679667766
11.0,11.0,11.0,11.0,11.0,11.0,11.0,11.0,11.0,11.0,11.0,11.0,11.0,11.0,11.0,11.0,11.0,-0.58131110034012801
11.0,11.0,11.0,11.0,11.0,11.0,11.0,11.0,11.0,11.0,11.0,11.0,11.0,11.0,11.0,11.0,11.0,-0.56538881509491312
11.0,11.0,11.0,11.0,11.0,11.0,11.0,11.0,11.0,11.0,11.0,11.0,11.0,11.0,11.0,11.0,11.0,-0.51195601547968117
11.0,11.0,11.0,11.0,11.0,11.0,11.0,11.0,11.0,11.0,11.0,11.0,11.0,11.0,11.0,11.0,11.0,-0.45214172516173262
11.0,11.0,11.0,11.0,11.0,11.0,11.0,11.0,11.0,11.0,11.0,11.0,11.0,11.0,11.0,11.0,11.0,-0.34738213602713186
11.0,11.0,11.0,11.0,11.0,11.0,11.0,11.0,11.0,11.0,11.0,11.0,11.0,11.0,11.0,11.0,11.0,-0.23866660450277316
11.0,11.0,11.0,11.0,11.0,11.0,11.0,11.0,11.0,11.0,11.0,11.0,11.0,11.0,11.0,11.0,11.0,-0.13341980212318369
11.0,11.0,11.0,11.0,11.0,11.0,11.0,11.0,11.0,11.0,11.0,11.0,11.0,11.0,11.0,11.0,11.0,-0.029947975952581463
11.0,11.0,11.0,11.0,11.0,11.0,11.0,11.0,11.0,11.0,11.0,11.0,11.0,11.0,11.0,11.0,11.0,0.082653619175308321
11.0,11.0,11.0,11.0,11.0,11.0,11.0,11.0,11.0,11.0,11.0,11.0,11.0,11.0,11.0,11.0,11.0,0.17363315121103151
11.0,11.0,11.0,11.0,11.0,11.0,11.0,11.0,11.0,11.0,11.0,11.0,11.0,11.0,11.0,11.0,11.0,0.29156820836638975
11.0,11.0,11.0,11.0,11.0,11.0,11.0,11.0,11.0,11.0,11.0,11.0,11.0,11.0,11.0,11.0,11.0,0.39003556625161423
11.0,11.0,11.0,11.0,11.0,11.0,11.0,11.0,11.0,11.0,11.0,11.0,11.0,11.0,11.0,11.0,11.0,0.46253044857573644
11.0,11.0,11.0,11.0,11.0,11.0,11.0,11.0,11.0,11.0,11.0,11.0,11.0,11.0,11.0,11.0,11.0,0.51760074384897337
11.0,11.0,11.0,11.0,11.0,11.0,11.0,11.0,11.0,11.0,11.0,11.0,11.0,11.0,11.0,11.0,11.0,0.53544527321973345
11.0,11.0,11.0,11.0,11.0,11.0,11.0,11.0,11.0,11.0,11.0,11.0,11.0,11.0,11.0,11.0,11.0,0.53436759382200616
11.0,11.0,11.0,11.0,11.0,11.0,11.0,11.0,11.0,11.0,11.0,11.0,11.0,11.0,11.0,11.0,11.0,0.5400906137084216
11.0,11.0,11.0,11.0,11.0,11.0,11.0,11.0,11.0,11.0,11.0,11.0,11.0,11.0,11.0,11.0,11.0,0.51642588340521078
11.0,11.0,11.0,11.0,11.0,11.0,11.0,11.0,11.0,11.0,11.0,11.0,11.0,11.0,11.0,11.0,11.0,0.4754258649605615
9.776556968688965,11.0,11.0,11.0,11.0,11.0,11.0,11.0,11.0,11.0,11.0,11.0,11.0,11.0,11.0,11.0,11.0,0.38360501274566078
9.964658737182617,11.0,11.0,11.0,11.0,11.0,11.0,11.0,11.0,11.0,11.0,11.0,11.0,11.0,11.0,11.0,11.0,0.28381869675835025
11.0,11.0,11.0,11.0,11.0,11.0,11.0,11.0,11.0,11.0,11.0,11.0,11.0,11.0,11.0,11.0,11.0,0.17112102386226483
11.0,11.0,11.0,11.0,11.0,11.0,11.0,11.0,11.0,11.0,11.0,11.0,11.0,11.0,11.0,11.0,11.0,0.075080487566154597
11.0,11.0,11.0,11.0,11.0,11.0,11.0,11.0,11.0,11.0,11.0,11.0,11.0,11.0,11.0,11.0,11.0,-0.049481185425879676
11.0,11.0,11.0,11.0,11.0,11.0,11.0,11.0,11.0,11.0,11.0,11.0,11.0,11.0,11.0,11.0,11.0,-0.16302265279809719
9.848687171936035,11.0,11.0,11.0,11.0,11.0,11.0,11.0,11.0,11.0,11.0,11.0,11.0,11.0,11.0,11.0,11.0,-0.29338590189124636
9.420162200927734,11.0,11.0,11.0,11.0,11.0,11.0,11.0,11.0,11.0,11.0,11.0,11.0,11.0,11.0,11.0,11.0,-0.38847045496913485
11.0,11.0,11.0,11.0,11.0,11.0,11.0,11.0,11.0,11.0,11.0,11.0,11.0,11.0,11.0,11.0,11.0,-0.47686535632578658
11.0,11.0,11.0,11.0,11.0,11.0,11.0,11.0,11.0,11.0,11.0,11.0,11.0,11.0,11.0,11.0,11.0,-0.55545060371788069
11.0,11.0,11.0,11.0,11.0,11.0,11.0,11.0,11.0,11.0,11.0,11.0,11.0,11.0,11.0,11.0,11.0,-0.61003913381304209
9.858522415161133,11.0,11.0,11.0,11.0,11.0,11.0,11.0,11.0,11.0,11.0,11.0,11.0,11.0,11.0,11.0,11.0,-0.62988888532535936
11.0,11.0,11.0,11.0,11.0,11.0,11.0,11.0,11.0,11.0,11.0,11.0,11.0,11.0,11.0,11.0,11.0,-0.6294179524330491
11.0,11.0,11.0,11.0,11.0,11.0,11.0,11.0,11.0,11.0,11.0,11.0,11.0,11.0,11.0,11.0,11.0,-0.61571667827424426
11.0,11.0,11.0,11.0,11.0,11.0,11.0,11.0,11.0,11.0,11.0,11.0,11.0,11.0,11.0,11.0,11.0,-0.60685138401251293
11.0,11.0,11.0,11.0,11.0,11.0,11.0,11.0,11.0,11.0,11.0,11.0,11.0,11.0,11.0,11.0,11.0,-0.52328101186867393
11.0,11.0,11.0,11.0,11.0,11.0,11.0,11.0,11.0,11.0,11.0,11.0,11.0,11.0,11.0,11.0,11.0,-0.42057756050504402
11.0,11.0,11.0,11.0,11.0,11.0,11.0,11.0,11.0,11.0,11.0,11.0,11.0,11.0,11.0,11.0,11.0,-0.30525381501655613
11.0,11.0,11.0,11.0,11.0,11.0,11.0,11.0,11.0,11.0,11.0,11.0,11.0,11.0,11.0,11.0,11.0,-0.18577563566981511
11.0,11.0,11.0,11.0,11.0,11.0,11.0,11.0,11.0,11.0,11.0,11.0,11.0,11.0,11.0,11.0,11.0,-0.068823741287955556
11.0,11.0,11.0,11.0,11.0,11.0,11.0,11.0,11.0,11.0,11.0,11.0,11.0,11.0,11.0,11.0,11.0,0.089890687914166281
11.0,11.0,11.0,11.0,11.0,11.0,11.0,11.0,11.0,11.0,11.0,11.0,11.0,11.0,11.0,11.0,11.0,0.22158196958228685
11.0,11.0,11.0,11.0,11.0,11.0,11.0,11.0,11.0,11.0,11.0,11.0,11.0,11.0,11.0,11.0,11.0,0.35669023919298681
11.0,11.0,11.0,11.0,11.0,11.0,11.0,11.0,11.0,11.0,11.0,11.0,11.0,11.0,11.0,11.0,11.0,0.48565385304778397
11.0,11.0,11.0,11.0,11.0,11.0,11.0,11.0,11.0,11.0,11.0,11.0,11.0,11.0,11.0,11.0,11.0,0.57947814518305718
11.0,11.0,11.0,11.0,11.0,11.0,11.0,11.0,11.0,11.0,11.0,11.0,11.0,11.0,11.0,11.0,11.0,0.6513799052368312
9.629440307617188,11.0,11.0,11.0,11.0,11.0,11.0,11.0,11.0,11.0,11.0,11.0,11.0,11.0,11.0,11.0,11.0,0.70029540969696746
9.288274765014648,11.0,11.0,11.0,11.0,11.0,11.0,11.0,11.0,11.0,11.0,11.0,11.0,11.0,11.0,11.0,11.0,0.72969161211084077
9.456972122192383,11.0,11.0,11.0,11.0,11.0,11.0,11.0,11.0,11.0,11.0,11.0,11.0,11.0,11.0,11.0,11.0,0.72218084090093204
11.0,11.0,11.0,11.0,11.0,11.0,11.0,11.0,11.0,11.0,11.0,11.0,11.0,11.0,11.0,11.0,11.0,0.68900374128983122
11.0,11.0,11.0,11.0,11.0,11.0,11.0,11.0,11.0,11.0,11.0,11.0,11.0,11.0,11.0,11.0,11.0,0.69682799766990045
9.330859184265137,11.0,11.0,11.0,11.0,11.0,11.0,11.0,11.0,11.0,11.0,11.0,11.0,11.0,11.0,11.0,11.0,0.5891637996637703
8.76002311706543,11.0,11.0,11.0,11.0,11.0,11.0,11.0,11.0,11.0,11.0,11.0,11.0,11.0,11.0,11.0,11.0,0.43663549119031164
9.480717658996582,11.0,11.0,11.0,11.0,11.0,11.0,11.0,11.0,11.0,11.0,11.0,11.0,11.0,11.0,11.0,11.0,0.32502838343424872
11.0,11.0,11.0,11.0,11.0,11.0,11.0,11.0,11.0,11.0,11.0,11.0,11.0,11.0,11.0,11.0,11.0,0.18774505681131282
11.0,11.0,11.0,11.0,11.0,11.0,11.0,11.0,11.0,11.0,11.0,11.0,11.0,11.0,11.0,11.0,11.0,0.005829138410143821
9.720845222473145,11.0,11.0,11.0,11.0,11.0,11.0,11.0,11.0,11.0,11.0,11.0,11.0,11.0,11.0,11.0,11.0,-0.13521915285121064
8.855509757995605,11.0,11.0,11.0,11.0,11.0,11.0,11.0,11.0,11.0,11.0,11.0,11.0,11.0,11.0,11.0,11.0,-0.29281994828361646
8.458575248718262,11.0,11.0,11.0,11.0,11.0,11.0,11.0,11.0,11.0,11.0,11.0,11.0,11.0,11.0,11.0,11.0,-0.42483859933541429
11.0,11.0,11.0,11.0,11.0,11.0,11.0,11.0,11.0,11.0,11.0,11.0,11.0,11.0,11.0,11.0,11.0,-0.5798655200005679
11.0,11.0,11.0,11.0,11.0,11.0,11.0,11.0,11.0,11.0,11.0,11.0,11.0,11.0,11.0,11.0,11.0,-0.66046371892613431
9.443347930908203,11.0,11.0,11.0,11.0,11.0,11.0,11.0,11.0,11.0,11.0,11.0,11.0,11.0,11.0,11.0,11.0,-0.74434534256444473
8.728930473327637,11.0,11.0,11.0,11.0,11.0,11.0,11.0,11.0,11.0,11.0,11.0,11.0,11.0,11.0,11.0,11.0,-0.79133100566420445
8.855460166931152,11.0,11.0,11.0,11.0,11.0,11.0,11.0,11.0,11.0,11.0,11.0,11.0,11.0,11.0,11.0,11.0,-0.78736908255552407
11.0,11.0,11.0,11.0,11.0,11.0,11.0,11.0,11.0,11.0,11.0,11.0,11.0,11.0,11.0,11.0,11.0,-0.81318492676459575
11.0,11.0,11.0,11.0,11.0,11.0,11.0,11.0,11.0,11.0,11.0,11.0,11.0,11.0,11.0,11.0,11.0,-0.82385294566709188
11.0,11.0,11.0,11.0,11.0,11.0,11.0,11.0,11.0,11.0,11.0,11.0,11.0,11.0,11.0,11.0,11.0,-0.7715090592326076
11.0,11.0,11.0,11.0,11.0,11.0,11.0,11.0,11.0,11.0,11.0,11.0,11.0,11.0,11.0,11.0,11.0,-0.63569382714164824
11.0,11.0,11.0,11.0,11.0,11.0,11.0,11.0,11.0,11.0,11.0,11.0,11.0,11.0,11.0,11.0,11.0,-0.48108840884394977
11.0,11.0,11.0,11.0,11.0,11.0,11.0,11.0,11.0,11.0,11.0,11.0,11.0,11.0,11.0,11.0,11.0,-0.32768979966802159
11.0,11.0,11.0,11.0,11.0,11.0,11.0,11.0,11.0,11.0,11.0,11.0,11.0,11.0,11.0,11.0,11.0,-0.15914229906903718
11.0,11.0,11.0,11.0,11.0,11.0,11.0,11.0,11.0,11.0,11.0,11.0,11.0,11.0,11.0,11.0,11.0,0.033397479098923433
11.0,11.0,11.0,11.0,11.0,11.0,11.0,11.0,11.0,11.0,11.0,11.0,11.0,11.0,11.0,11.0,11.0,0.20270607107819191
11.0,11.0,11.0,11.0,11.0,11.0,11.0,11.0,11.0,11.0,11.0,11.0,11.0,11.0,11.0,11.0,11.0,0.39357721005006646
11.0,11.0,11.0,11.0,11.0,11.0,11.0,11.0,11.0,11.0,11.0,11.0,11.0,11.0,11.0,11.0,11.0,0.55238973370005018
9.873632431030273,11.0,11.0,11.0,11.0,11.0,11.0,11.0,11.0,11.0,11.0,11.0,11.0,11.0,11.0,11.0,11.0,0.70179146648626434
11.0,11.0,11.0,11.0,11.0,11.0,11.0,11.0,11.0,11.0,11.0,11.0,11.0,11.0,11.0,11.0,11.0,0.81193899188436069
8.572340965270996,11.0,11.0,11.0,11.0,11.0,11.0,11.0,11.0,11.0,11.0,11.0,11.0,11.0,11.0,11.0,11.0,0.91087761504793241
8.210753440856934,11.0,11.0,11.0,11.0,11.0,11.0,11.0,11.0,11.0,11.0,11.0,11.0,11.0,11.0,11.0,11.0,0.98173286437904816
8.32275104522705,11.0,11.0,11.0,11.0,11.0,11.0,11.0,11.0,11.0,11.0,11.0,11.0,11.0,11.0,11.0,11.0,0.98371120371567145
11.0,11.0,11.0,11.0,11.0,11.0,11.0,11.0,11.0,11.0,11.0,11.0,11.0,11.0,11.0,11.0,11.0,0.96213115776090441
11.0,11.0,11.0,11.0,11.0,11.0,11.0,11.0,11.0,11.0,11.0,11.0,11.0,11.0,11.0,11.0,11.0,0.96857717716375069
8.628288269042969,11.0,11.0,11.0,11.0,11.0,11.0,11.0,11.0,11.0,11.0,11.0,11.0,11.0,11.0,11.0,11.0,0.88080956470925487
7.889245986938477,11.0,11.0,11.0,11.0,11.0,11.0,11.0,11.0,11.0,11.0,11.0,11.0,11.0,11.0,11.0,11.0,0.74783693723129341
8.888161659240723,11.0,11.0,11.0,11.0,11.0,11.0,11.0,11.0,11.0,11.0,11.0,11.0,11.0,11.0,11.0,11.0,0.59057672906815506
9.784407615661621,11.0,11.0,11.0,11.0,11.0,11.0,11.0,11.0,11.0,11.0,11.0,11.0,11.0,11.0,11.0,11.0,0.38837323429424703
11.0,11.0,11.0,11.0,11.0,11.0,11.0,11.0,11.0,11.0,11.0,11.0,11.0,11.0,11.0,11.0,11.0,0.17832413662844615
9.632585525512695,11.0,11.0,11.0,11.0,11.0,11.0,11.0,11.0,11.0,11.0,11.0,11.0,11.0,11.0,11.0,11.0,-0.058457600851343862
8.507899284362793,11.0,11.0,11.0,11.0,11.0,11.0,11.0,11.0,11.0,11.0,11.0,11.0,11.0,11.0,11.0,11.0,-0.25546858075654955
7.565430641174316,11.0,11.0,11.0,11.0,11.0,11.0,11.0,11.0,11.0,11.0,11.0,11.0,11.0,11.0,11.0,11.0,-0.45008624182066809
11.0,11.0,11.0,11.0,11.0,11.0,11.0,11.0,11.0,11.0,11.0,11.0,11.0,11.0,11.0,11.0,11.0,-0.68698517512516288
11.0,11.0,11.0,11.0,11.0,11.0,11.0,11.0,11.0,11.0,11.0,11.0,11.0,11.0,11.0,11.0,11.0,-0.82608557499942836
11.0,11.0,11.0,11.0,11.0,11.0,11.0,11.0,11.0,11.0,11.0,11.0,11.0,11.0,11.0,11.0,11.0,2.4026223775771776
11.0,11.0,11.0,11.0,11.0,11.0,11.0,11.0,11.0,11.0,11.0,11.0,11.0,11.0,11.0,11.0,11.0,2.0525768973362708
11.0,11.0,11.0,11.0,11.0,11.0,11.0,11.0,11.0,11.0,11.0,11.0,11.0,11.0,11.0,11.0,11.0,2.6051755051828893
11.0,11.0,11.0,11.0,11.0,11.0,11.0,11.0,11.0,11.0,11.0,11.0,11.0,11.0,11.0,11.0,11.0,2.4619912212950781
11.0,11.0,11.0,11.0,11.0,11.0,11.0,11.0,11.0,11.0,11.0,11.0,11.0,11.0,11.0,11.0,11.0,2.8096587562726252
8.035588264465332,11.0,11.0,11.0,11.0,11.0,11.0,11.0,11.0,11.0,11.0,11.0,11.0,11.0,11.0,11.0,11.0,3.5006531041795177
7.405184745788574,11.0,11.0,11.0,11.0,11.0,11.0,11.0,11.0,11.0,11.0,11.0,11.0,11.0,11.0,11.0,11.0,3.7457648315804235
9.173797607421875,11.0,11.0,11.0,11.0,11.0,11.0,11.0,11.0,11.0,11.0,11.0,11.0,11.0,11.0,11.0,11.0,3.9864852356012763
9.912376403808594,11.0,11.0,11.0,11.0,11.0,11.0,11.0,11.0,11.0,11.0,11.0,11.0,11.0,11.0,11.0,11.0,4.3131487349628665
9.5514554977417,9.877408981323242,11.0,9.850898742675781,11.0,11.0,11.0,11.0,11.0,11.0,11.0,11.0,11.0,11.0,11.0,11.0,11.0,4.1425621790986185
9.601665496826172,11.0,11.0,9.828496932983398,11.0,9.79794979095459,11.0,11.0,11.0,11.0,11.0,11.0,8.952194213867188,11.0,8.954029083251953,11.0,11.0,4.0282282468221009
11.0,11.0,11.0,9.933770179748535,11.0,10.00550365447998,11.0,11.0,11.0,11.0,11.0,11.0,8.81969165802002,11.0,11.0,11.0,8.739998817443848,4.1834770346976455
11.0,8.49477767944336,11.0,9.943230628967285,11.0,11.0,11.0,11.0,0.8734809756278992,11.0,11.0,11.0,9.00118637084961,11.0,9.34489917755127,11.0,11.0,4.4724576367983317
11.0,8.097002983093262,11.0,9.951684951782227,11.0,10.0103120803833,11.0,11.0,11.0,11.0,11.0,11.0,8.990562438964844,11.0,9.102471351623535,11.0,9.082147598266602,4.5223817600638396
11.0,7.274808883666992,11.0,11.0,11.0,9.84801197052002,11.0,11.0,11.0,11.0,11.0,11.0,8.909852981567383,11.0,9.15388298034668,11.0,9.271642684936523,4.1435168211317066
11.0,9.219090461730957,11.0,11.0,11.0,9.80551528930664,11.0,11.0,11.0,11.0,11.0,11.0,11.0,11.0,9.129936218261719,11.0,9.959793090820312,3.5084811954699782
11.0,11.0,11.0,11.0,11.0,9.837972640991211,11.0,11.0,0.6116770505905151,11.0,11.0,11.0,11.0,11.0,9.091593742370605,11.0,11.0,2.6739544901126671
11.0,11.0,11.0,11.0,11.0,9.987508773803711,11.0,10.01026725769043,11.0,11.0,11.0,11.0,11.0,11.0,9.09621810913086,11.0,11.0,2.4373364707882121
11.0,11.0,11.0,11.0,11.0,11.0,11.0,9.845512390136719,11.0,11.0,11.0,11.0,11.0,11.0,0.5832506418228149,11.0,0.6918431520462036,2.2751026122309401
11.0,11.0,11.0,11.0,11.0,11.0,11.0,9.868171691894531,11.0,11.0,11.0,11.0,11.0,11.0,0.61502605676651,11.0,11.0,1.9418623130580621
11.0,11.0,11.0,11.0,11.0,11.0,11.0,9.954618453979492,11.0,11.0,11.0,11.0,11.0,11.0,8.947813987731934,11.0,9.472240447998047,2.0724372483708389
11.0,11.0,11.0,11.0,11.0,11.0,11.0,11.0,11.0,9.91485595703125,11.0,11.0,11.0,11.0,11.0,11.0,9.257791519165039,3.76872679751901
11.0,7.843997478485107,11.0,8.817804336547852,11.0,11.0,11.0,11.0,11.0,11.0,11.0,11.0,11.0,11.0,11.0,11.0,11.0,2.5462617889322678
11.0,11.0,11.0,7.981795310974121,11.0,11.0,11.0,11.0,11.0,11.0,11.0,11.0,11.0,11.0,11.0,11.0,11.0,2.3036343818348648
11.0,9.64638900756836,11.0,7.976552486419678,11.0,11.0,11.0,11.0,11.0,9.962322235107422,11.0,11.0,11.0,11.0,11.0,11.0,11.0,2.130751878235825
11.0,9.416543960571289,11.0,11.0,11.0,9.835984230041504,11.0,11.0,11.0,11.0,11.0,9.949655532836914,11.0,11.0,11.0,11.0,11.0,1.9184300172521809
11.0,9.321351051330566,11.0,11.0,11.0,11.0,11.0,11.0,11.0,11.0,11.0,11.0,11.0,11.0,11.0,11.0,11.0,1.4190539240307936
11.0,9.364299774169922,11.0,11.0,11.0,11.0,11.0,11.0,11.0,11.0,11.0,9.95256233215332,11.0,11.0,11.0,11.0,11.0,0.99204819320345838
11.0,9.566405296325684,11.0,7.390831470489502,11.0,8.457695007324219,11.0,11.0,11.0,11.0,11.0,11.0,11.0,11.0,11.0,11.0,11.0,0.74799400826099471
11.0,11.0,11.0,7.250102519989014,11.0,8.095654487609863,11.0,11.0,11.0,11.0,11.0,11.0,11.0,11.0,11.0,11.0,11.0,0.64732173052293907
11.0,8.065828323364258,11.0,7.241069316864014,11.0,7.976964473724365,11.0,11.0,11.0,11.0,11.0,11.0,11.0,10.002857208251953,11.0,11.0,11.0,0.44185841999437914
11.0,7.378998279571533,11.0,7.2560648918151855,11.0,7.920508861541748,11.0,11.0,11.0,11.0,11.0,11.0,11.0,11.0,11.0,11.0,11.0,0.33220302119619255
11.0,11.0,11.0,7.43350076675415,11.0,7.928070068359375,11.0,9.9162015914917,11.0,11.0,11.0,11.0,11.0,11.0,11.0,11.0,11.0,0.20991160388421792
11.0,11.0,11.0,11.0,11.0,8.145660400390625,11.0,9.898646354675293,11.0,11.0,11.0,9.933242797851562,11.0,8.968647003173828,11.0,9.806193351745605,11.0,0.14270829262747065
11.0,8.149873733520508,11.0,11.0,11.0,11.0,11.0,11.0,11.0,11.0,11.0,9.990355491638184,11.0,8.827691078186035,11.0,11.0,11.0,-0.19679387887141964
11.0,8.256280899047852,11.0,11.0,11.0,11.0,11.0,11.0,11.0,11.0,11.0,11.0,11.0,8.836748123168945,11.0,8.8292236328125,11.0,-0.53094401705126903
11.0,8.983201026916504,11.0,11.0,11.0,11.0,11.0,8.823823928833008,11.0,11.0,11.0,11.0,11.0,8.963740348815918,11.0,8.596924781799316,11.0,-0.81050863323984601
8.60912799835205,11.0,11.0,8.741018295288086,11.0,11.0,11.0,8.260573387145996,11.0,11.0,11.0,11.0,11.0,11.0,11.0,8.573102951049805,11.0,-0.90888783184034927
9.072604179382324,11.0,11.0,8.071353912353516,11.0,11.0,11.0,8.079774856567383,11.0,11.0,11.0,11.0,11.0,11.0,11.0,8.57425308227539,11.0,-0.95158027870159823
8.074159622192383,11.0,11.0,8.359911918640137,11.0,11.0,11.0,8.022485733032227,11.0,9.836666107177734,11.0,11.0,11.0,11.0,11.0,8.579009056091309,11.0,-0.93414733387393922
6.663844108581543,11.0,11.0,11.0,11.0,11.0,11.0,8.052861213684082,11.0,11.0,11.0,11.0,11.0,11.0,11.0,8.58336353302002,11.0,-0.95091299070615865
6.823207855224609,11.0,11.0,11.0,11.0,8.249992370605469,11.0,8.20887565612793,11.0,11.0,11.0,11.0,11.0,11.0,11.0,8.647396087646484,11.0,-0.90427439175792357
11.0,11.0,11.0,11.0,11.0,8.096107482910156,11.0,8.467641830444336,11.0,9.163846015930176,11.0,11.0,11.0,11.0,11.0,8.667585372924805,11.0,-0.74365282757023243
11.0,11.0,11.0,11.0,11.0,8.223061561584473,11.0,8.946792602539062,11.0,8.544843673706055,11.0,11.0,11.0,9.970057487487793,11.0,8.551592826843262,11.0,-0.35750560380537139
11.0,11.0,11.0,11.0,11.0,8.486106872558594,11.0,11.0,11.0,8.23849868774414,11.0,9.988286972045898,11.0,9.912010192871094,11.0,8.506429672241211,11.0,0.078258541545747878
6.340404033660889,11.0,11.0,11.0,11.0,9.271858215332031,11.0,8.510045051574707,11.0,8.149624824523926,11.0,9.961092948913574,11.0,11.0,11.0,8.536269187927246,11.0,0.40522349955022369
7.317843437194824,11.0,11.0,11.0,11.0,11.0,11.0,8.198016166687012,11.0,8.113587379455566,11.0,11.0,11.0,11.0,11.0,8.804242134094238,11.0,0.56725633257075292
8.919488906860352,11.0,11.0,11.0,11.0,11.0,11.0,8.10230541229248,11.0,8.09848403930664,11.0,11.0,11.0,11.0,11.0,11.0,11.0,0.84907825628746236
8.221980094909668,11.0,11.0,11.0,11.0,11.0,11.0,8.143774032592773,11.0,8.150018692016602,11.0,11.0,11.0,11.0,11.0,11.0,11.0,1.0379195249444713
11.0,8.356339454650879,11.0,11.0,11.0,11.0,11.0,8.211587905883789,11.0,8.203445434570312,11.0,11.0,11.0,11.0,11.0,11.0,11.0,1.1703078918907106
11.0,7.680720329284668,11.0,11.0,11.0,11.0,11.0,8.323677062988281,11.0,8.179217338562012,11.0,8.901145935058594,11.0,11.0,11.0,11.0,11.0,1.2320119509688845
11.0,11.0,11.0,11.0,11.0,11.0,11.0,8.647014617919922,11.0,8.103259086608887,11.0,8.62441349029541,11.0,11.0,11.0,11.0,11.0,1.1978494346005826
11.0,11.0,11.0,11.0,11.0,11.0,11.0,9.090893745422363,11.0,8.071846008300781,11.0,8.514540672302246,11.0,11.0,11.0,11.0,11.0,1.0971012940021456
11.0,11.0,11.0,8.55891227722168,11.0,11.0,11.0,11.0,11.0,8.090909957885742,11.0,8.296656608581543,11.0,11.0,11.0,11.0,11.0,0.9570488387788284
11.0,6.623150825500488,11.0,8.012659072875977,11.0,11.0,11.0,11.0,11.0,8.12955093383789,11.0,8.215140342712402,11.0,11.0,11.0,11.0,11.0,0.88558534150879198
11.0,6.5410895347595215,11.0,7.763354301452637,11.0,11.0,11.0,11.0,11.0,8.195474624633789,11.0,8.166339874267578,11.0,11.0,11.0,11.0,11.0,0.74127497966610356
11.0,6.789164066314697,11.0,7.7336106300354,11.0,11.0,11.0,11.0,11.0,8.305002212524414,11.0,8.14122200012207,11.0,9.937540054321289,11.0,11.0,11.0,0.55486508269779189
11.0,6.934781551361084,11.0,11.0,11.0,11.0,11.0,11.0,11.0,8.629517555236816,11.0,8.130931854248047,11.0,11.0,11.0,11.0,11.0,0.31510283851283327
11.0,6.801194190979004,11.0,11.0,11.0,11.0,11.0,11.0,11.0,9.156843185424805,11.0,8.133561134338379,11.0,11.0,11.0,11.0,11.0,0.13516438760179697
11.0,6.534900665283203,11.0,11.0,11.0,11.0,11.0,11.0,11.0,11.0,11.0,8.148887634277344,11.0,8.592302322387695,11.0,11.0,11.0,-0.11461781536682494
11.0,6.714468479156494,11.0,11.0,11.0,8.519486427307129,11.0,11.0,11.0,11.0,11.0,8.175559043884277,11.0,8.262715339660645,11.0,11.0,11.0,-0.32431637587242779
11.0,11.0,11.0,11.0,11.0,8.108495712280273,11.0,11.0,11.0,11.0,11.0,8.21883773803711,11.0,8.169763565063477,11.0,9.819009780883789,11.0,-0.49650710138098769
11.0,11.0,11.0,11.0,11.0,7.911283493041992,11.0,11.0,11.0,11.0,11.0,8.285146713256836,11.0,8.180865287780762,11.0,11.0,11.0,-0.6589854543000182
11.0,8.37022590637207,11.0,11.0,11.0,7.7770209312438965,11.0,11.0,11.0,11.0,11.0,8.388340950012207,11.0,8.510595321655273,11.0,8.539306640625,11.0,-0.78807900457625657
11.0,7.860398292541504,11.0,11.0,11.0,7.713891983032227,11.0,11.0,11.0,11.0,11.0,8.672842979431152,11.0,11.0,11.0,8.13347339630127,11.0,-0.87375306460550151
11.0,8.336610794067383,11.0,11.0,11.0,7.809566497802734,11.0,11.0,11.0,11.0,11.0,8.962766647338867,11.0,11.0,11.0,8.460235595703125,11.0,-0.91851507383830833
7.694847583770752,11.0,11.0,11.0,11.0,8.077709197998047,11.0,11.0,11.0,11.0,11.0,11.0,11.0,11.0,11.0,11.0,11.0,-0.91301723000136159
7.913360595703125,11.0,11.0,7.996875762939453,11.0,11.0,11.0,8.843340873718262,11.0,11.0,11.0,11.0,11.0,11.0,11.0,11.0,11.0,-0.93022657962922972
8.663520812988281,11.0,11.0,7.789048671722412,11.0,11.0,11.0,8.328283309936523,11.0,11.0,11.0,11.0,11.0,8.388651847839355,11.0,11.0,11.0,-0.32659361781924057
7.951159477233887,11.0,11.0,8.005481719970703,11.0,11.0,11.0,8.032831192016602,11.0,11.0,11.0,11.0,11.0,8.173131942749023,11.0,11.0,11.0,-0.20324803319406465
7.369394779205322,11.0,11.0,8.238183975219727,11.0,11.0,11.0,7.877574443817139,11.0,11.0,11.0,11.0,11.0,8.21322250366211,11.0,11.0,11.0,-0.037421781003411064
7.081890106201172,11.0,11.0,8.685979843139648,11.0,11.0,11.0,7.794366359710693,11.0,11.0,11.0,11.0,11.0,8.348186492919922,11.0,11.0,11.0,0.15189948949951468
7.079918384552002,11.0,11.0,11.0,11.0,11.0,11.0,7.801684856414795,11.0,11.0,11.0,11.0,11.0,8.761415481567383,11.0,11.0,11.0,0.35744399819287398
7.491374492645264,11.0,11.0,11.0,11.0,8.267481803894043,11.0,8.107942581176758,11.0,11.0,11.0,11.0,11.0,11.0,11.0,11.0,11.0,0.56394646683053229
8.478677749633789,11.0,11.0,11.0,11.0,7.992086410522461,11.0,11.0,11.0,8.61368465423584,11.0,11.0,11.0,11.0,11.0,8.36942195892334,11.0,0.84771964814034928
7.863633155822754,11.0,11.0,11.0,11.0,7.830781936645508,11.0,11.0,11.0,8.143770217895508,11.0,11.0,11.0,11.0,11.0,8.373785018920898,11.0,1.05202526661292
7.477532863616943,11.0,11.0,11.0,11.0,7.801894664764404,11.0,11.0,11.0,7.9299139976501465,11.0,11.0,11.0,11.0,11.0,11.0,11.0,1.1515264092521089
7.458930015563965,8.680416107177734,11.0,11.0,11.0,7.89897346496582,11.0,11.0,11.0,7.793262004852295,11.0,11.0,11.0,11.0,11.0,11.0,11.0,1.1491981872651851
11.0,7.928896427154541,11.0,11.0,11.0,8.028462409973145,11.0,11.0,11.0,7.736783027648926,11.0,11.0,11.0,11.0,11.0,11.0,11.0,1.2242905423177355
11.0,7.610054016113281,11.0,11.0,11.0,8.189518928527832,11.0,11.0,11.0,7.857226848602295,11.0,11.0,11.0,11.0,11.0,11.0,11.0,1.2789840284424088
11.0,11.0,11.0,11.0,11.0,8.467066764831543,11.0,11.0,11.0,8.267241477966309,11.0,11.0,11.0,11.0,11.0,11.0,11.0,1.3601603599913006
11.0,11.0,11.0,8.91343879699707,11.0,8.815362930297852,11.0,8.013843536376953,11.0,11.0,11.0,11.0,11.0,11.0,11.0,11.0,11.0,1.4228721285262675
11.0,11.0,11.0,8.365256309509277,11.0,11.0,11.0,7.7928290367126465,11.0,11.0,11.0,8.460762023925781,11.0,11.0,11.0,11.0,11.0,1.3516956501759325
11.0,5.9852094650268555,11.0,7.964468002319336,11.0,11.0,11.0,7.854861736297607,11.0,11.0,11.0,8.048505783081055,11.0,11.0,11.0,11.0,11.0,1.3224238347717567
11.0,6.629707336425781,11.0,7.674872875213623,11.0,11.0,11.0,8.023199081420898,11.0,11.0,11.0,7.875458240509033,11.0,11.0,11.0,11.0,11.0,1.0745287446727827
11.0,7.50389289855957,11.0,7.727688789367676,11.0,11.0,11.0,8.229344367980957,11.0,8.714456558227539,11.0,7.7751922607421875,11.0,11.0,11.0,11.0,11.0,0.85254998205489951
11.0,8.287113189697266,11.0,11.0,11.0,11.0,11.0,8.621031761169434,11.0,8.070867538452148,11.0,7.803191184997559,11.0,11.0,11.0,11.0,11.0,0.69226484430222568
11.0,8.952835083007812,11.0,11.0,11.0,8.926881790161133,11.0,8.915026664733887,11.0,7.84860372543335,11.0,7.998091220855713,11.0,11.0,11.0,11.0,11.0,0.52544492851490587
11.0,8.5902738571167,11.0,11.0,11.0,8.621068954467773,11.0,11.0,11.0,7.798227310180664,11.0,8.389084815979004,11.0,11.0,11.0,11.0,11.0,0.34124400109810893
11.0,8.812702178955078,11.0,11.0,11.0,8.24085807800293,11.0,11.0,11.0,7.879900932312012,11.0,11.0,11.0,8.267274856567383,11.0,11.0,11.0,0.17207648990984464
11.0,8.111536979675293,11.0,11.0,11.0,8.003807067871094,11.0,11.0,11.0,8.046379089355469,11.0,11.0,11.0,7.888106822967529,11.0,11.0,11.0,-0.039645352967061426
11.0,7.267338752746582,11.0,6.027851104736328,11.0,7.788976192474365,11.0,11.0,11.0,8.270751953125,11.0,11.0,11.0,7.829110145568848,11.0,11.0,11.0,-0.20031715699896344
11.0,6.455178737640381,11.0,5.988619327545166,11.0,7.625252723693848,11.0,11.0,11.0,8.679954528808594,11.0,11.0,11.0,11.0,11.0,11.0,11.0,-0.3222294669131382
11.0,5.991494178771973,11.0,6.008076190948486,11.0,7.706212997436523,11.0,11.0,11.0,11.0,11.0,8.246201515197754,11.0,11.0,11.0,8.287578582763672,11.0,-0.42159575612073236
11.0,11.0,11.0,6.004231929779053,11.0,11.0,11.0,11.0,11.0,11.0,11.0,7.952640056610107,11.0,11.0,11.0,7.78255033493042,11.0,-0.55491743669254523
11.0,11.0,11.0,5.9933013916015625,11.0,11.0,11.0,11.0,11.0,11.0,11.0,7.857386112213135,11.0,11.0,11.0,8.113962173461914,11.0,-0.67835622418865993
11.0,11.0,11.0,6.091719150543213,11.0,11.0,11.0,8.643205642700195,11.0,11.0,11.0,7.944149017333984,11.0,11.0,11.0,11.0,11.0,-0.79612574634390076
11.0,7.884094715118408,11.0,11.0,11.0,11.0,11.0,8.163294792175293,11.0,11.0,11.0,8.110373497009277,11.0,11.0,11.0,11.0,11.0,-0.86113802125197803
11.0,8.400020599365234,11.0,11.0,11.0,11.0,11.0,7.8792805671691895,11.0,11.0,11.0,8.351749420166016,11.0,11.0,11.0,11.0,11.0,-0.87546460134135151
6.815044403076172,9.592975616455078,11.0,11.0,11.0,11.0,11.0,7.664207935333252,11.0,11.0,11.0,8.749902725219727,11.0,11.0,11.0,7.070101261138916,11.0,-0.83910880537253019
6.988815784454346,11.0,11.0,11.0,11.0,11.0,11.0,7.736689567565918,11.0,11.0,11.0,11.0,11.0,11.0,11.0,6.91886568069458,11.0,-0.78834780487130229
7.304386138916016,11.0,11.0,8.072086334228516,11.0,11.0,11.0,11.0,11.0,11.0,11.0,11.0,11.0,11.0,11.0,6.937222957611084,11.0,-0.66411282533457616
7.9835734367370605,11.0,11.0,7.852654457092285,11.0,11.0,11.0,11.0,11.0,8.707270622253418,11.0,11.0,11.0,7.949104309082031,11.0,6.918088436126709,11.0,-0.47703580636526427
7.6906962394714355,11.0,11.0,8.167779922485352,11.0,11.0,11.0,11.0,11.0,8.241658210754395,11.0,11.0,11.0,7.891190052032471,11.0,6.939034938812256,11.0,-0.30805873126690597
7.474229335784912,11.0,11.0,8.599817276000977,11.0,11.0,11.0,11.0,11.0,7.960680961608887,11.0,11.0,11.0,8.064271926879883,11.0,11.0,11.0,-0.10079165006754487
7.636474132537842,11.0,11.0,9.326993942260742,11.0,11.0,11.0,11.0,11.0,7.7445478439331055,11.0,11.0,11.0,8.339818000793457,11.0,11.0,11.0,0.14327076930376581
7.58689546585083,11.0,11.0,11.0,11.0,11.0,11.0,11.0,11.0,7.676053047180176,11.0,11.0,11.0,8.889711380004883,11.0,11.0,11.0,0.37783571464067744
6.981729030609131,11.0,11.0,11.0,11.0,11.0,11.0,11.0,11.0,8.004700660705566,11.0,11.0,11.0,11.0,11.0,11.0,11.0,0.57620973968244149
6.594947814941406,11.0,11.0,11.0,11.0,7.946521759033203,11.0,11.0,11.0,11.0,11.0,11.0,11.0,11.0,11.0,7.891976833343506,11.0,0.73797291325159142
6.491946697235107,8.550871849060059,11.0,11.0,11.0,7.827036380767822,11.0,11.0,11.0,11.0,11.0,8.661981582641602,11.0,11.0,11.0,8.239044189453125,11.0,0.87724670356242829
11.0,7.801394462585449,11.0,11.0,11.0,7.92505407333374,11.0,11.0,11.0,11.0,11.0,8.317368507385254,11.0,11.0,11.0,11.0,11.0,0.97488739440343997
11.0,8.007089614868164,11.0,11.0,11.0,8.107170104980469,11.0,11.0,11.0,11.0,11.0,8.051984786987305,11.0,11.0,11.0,11.0,11.0,1.0480496928099756
11.0,11.0,11.0,9.02757453918457,11.0,8.301482200622559,11.0,11.0,11.0,11.0,11.0,7.8441386222839355,11.0,11.0,11.0,11.0,11.0,1.1573322809323539
11.0,11.0,11.0,8.406911849975586,11.0,8.493757247924805,11.0,11.0,11.0,11.0,11.0,7.669790744781494,11.0,11.0,11.0,11.0,11.0,1.131112615538
11.0,5.555291175842285,11.0,7.973341941833496,11.0,8.708105087280273,11.0,11.0,11.0,11.0,11.0,7.670772075653076,11.0,11.0,11.0,11.0,11.0,1.0883297198458732
11.0,6.188761234283447,11.0,7.710027694702148,11.0,8.865385055541992,11.0,7.858154296875,11.0,11.0,11.0,8.130688667297363,11.0,11.0,11.0,11.0,11.0,1.2461025430938417
11.0,7.188992500305176,11.0,8.100387573242188,11.0,8.86433219909668,11.0,7.797698020935059,11.0,11.0,11.0,11.0,11.0,11.0,11.0,11.0,11.0,0.80465443454986219
11.0,8.150752067565918,11.0,11.0,11.0,8.729333877563477,11.0,7.975524425506592,11.0,11.0,11.0,11.0,11.0,11.0,11.0,11.0,11.0,0.62754806065059454
11.0,7.42422342300415,11.0,11.0,11.0,8.408053398132324,11.0,8.21780776977539,11.0,11.0,11.0,11.0,11.0,8.635310173034668,11.0,11.0,11.0,0.46787392498957947
11.0,7.2574143409729,11.0,11.0,11.0,8.202888488769531,11.0,8.372810363769531,11.0,11.0,11.0,11.0,11.0,8.06041431427002,11.0,11.0,11.0,0.33257803350979537
11.0,7.238663196563721,11.0,5.619625568389893,11.0,7.9928879737854,11.0,8.601408004760742,11.0,8.59270191192627,11.0,11.0,11.0,7.757732391357422,11.0,11.0,11.0,0.15447280989459367
11.0,7.400619983673096,11.0,5.616087436676025,11.0,7.783787250518799,11.0,8.925646781921387,11.0,7.873013019561768,11.0,11.0,11.0,7.691823959350586,11.0,11.0,11.0,0.010926086933785269
11.0,8.045853614807129,11.0,5.858964443206787,11.0,7.690528392791748,11.0,9.08816146850586,11.0,7.80189847946167,11.0,11.0,11.0,11.0,11.0,11.0,11.0,-0.1969491561354387
11.0,7.17982292175293,11.0,6.110514163970947,11.0,7.893948554992676,11.0,9.133506774902344,11.0,7.988717079162598,11.0,11.0,11.0,11.0,11.0,8.933876037597656,11.0,-0.32988904603288405
11.0,6.39857292175293,11.0,6.254463195800781,11.0,11.0,11.0,9.040717124938965,11.0,8.234696388244629,11.0,11.0,11.0,11.0,11.0,7.845351219177246,11.0,-0.4026806043341597
11.0,5.786013126373291,11.0,6.28503942489624,11.0,11.0,11.0,8.873467445373535,11.0,8.500194549560547,11.0,11.0,11.0,11.0,11.0,7.6664018630981445,11.0,-0.49755525758865582
11.0,5.738238334655762,11.0,6.227094650268555,11.0,11.0,11.0,8.473998069763184,11.0,8.901552200317383,11.0,11.0,11.0,6.657938003540039,11.0,11.0,11.0,-0.56261085041919534
11.0,11.0,11.0,6.081956386566162,11.0,11.0,11.0,8.203097343444824,11.0,9.164451599121094,11.0,8.37252426147461,11.0,6.379727840423584,11.0,11.0,11.0,-0.63648680753932363
11.0,11.0,11.0,5.87583065032959,11.0,11.0,11.0,7.916106224060059,11.0,11.0,11.0,7.859120845794678,11.0,6.3762383460998535,11.0,11.0,11.0,-0.68961228937139873
11.0,8.127346992492676,11.0,5.661779880523682,11.0,5.709086894989014,11.0,7.696870803833008,11.0,11.0,11.0,7.859011173248291,11.0,6.8882269859313965,11.0,6.278217792510986,11.0,-0.72369920191233361
11.0,8.227341651916504,11.0,5.642420291900635,11.0,5.611692905426025,11.0,7.859925746917725,11.0,9.436318397521973,11.0,8.084814071655273,11.0,11.0,11.0,6.620430946350098,11.0,-0.75056611118567096
6.0677313804626465,8.917259216308594,11.0,11.0,11.0,5.646268844604492,11.0,11.0,11.0,9.003776550292969,11.0,8.339662551879883,11.0,11.0,11.0,7.010212421417236,11.0,-0.66519202870467109
5.921264171600342,11.0,11.0,11.0,11.0,5.68648099899292,11.0,11.0,11.0,8.605948448181152,11.0,8.647336959838867,11.0,11.0,11.0,7.179684162139893,11.0,-0.50322295322403154
6.049450874328613,11.0,11.0,11.0,11.0,5.681643009185791,11.0,11.0,11.0,8.25285530090332,11.0,8.958148956298828,11.0,11.0,11.0,7.084225654602051,11.0,-0.39160596244377688
6.166614055633545,11.0,11.0,8.475756645202637,11.0,5.647425174713135,11.0,11.0,11.0,7.953690528869629,11.0,9.197783470153809,11.0,8.37483024597168,11.0,6.776197910308838,11.0,-0.2377914954156376
6.212584495544434,11.0,11.0,8.013673782348633,11.0,5.653648376464844,11.0,11.0,11.0,7.7256903648376465,11.0,9.362593650817871,11.0,7.821883201599121,11.0,6.389481544494629,11.0,-0.10731295501325136
6.174312114715576,11.0,11.0,8.182544708251953,11.0,5.889344692230225,11.0,5.701179027557373,11.0,7.763983726501465,11.0,9.309120178222656,11.0,7.913912773132324,11.0,6.349643230438232,11.0,0.070757413170733585
6.0243000984191895,11.0,11.0,8.557605743408203,11.0,11.0,11.0,5.6585259437561035,11.0,11.0,11.0,9.064899444580078,11.0,8.216621398925781,11.0,11.0,11.0,0.24785370028162584
5.801416873931885,11.0,11.0,8.90600872039795,11.0,11.0,11.0,5.682154178619385,11.0,11.0,11.0,8.841287612915039,11.0,8.731000900268555,11.0,11.0,11.0,0.42793062443867486
5.618022441864014,9.396380424499512,11.0,9.241738319396973,11.0,11.0,11.0,5.697662830352783,11.0,11.0,11.0,8.422131538391113,11.0,11.0,11.0,11.0,11.0,0.56349250046543553
5.840467929840088,8.388638496398926,11.0,9.441362380981445,11.0,11.0,11.0,5.6766486167907715,11.0,11.0,11.0,8.154797554016113,11.0,11.0,11.0,7.832513332366943,11.0,0.69897208996693472
11.0,7.930361270904541,11.0,9.317403793334961,11.0,11.0,11.0,5.655186176300049,11.0,11.0,11.0,7.906817436218262,11.0,11.0,11.0,8.264179229736328,11.0,0.79960875301194934
11.0,11.0,11.0,8.977956771850586,11.0,8.101053237915039,11.0,5.696136474609375,11.0,5.989356517791748,11.0,7.6959547996521,11.0,11.0,11.0,9.378493309020996,11.0,0.86588087813395231
11.0,11.0,11.0,8.650744438171387,11.0,7.979599952697754,11.0,11.0,11.0,5.698213577270508,11.0,7.703008651733398,11.0,11.0,11.0,11.0,11.0,0.94631736508933517
11.0,5.264176845550537,11.0,8.27385139465332,11.0,8.051591873168945,11.0,11.0,11.0,5.662597179412842,11.0,8.250131607055664,11.0,11.0,11.0,11.0,11.0,0.94388814183187608
11.0,5.512881278991699,11.0,7.962618350982666,11.0,8.209685325622559,11.0,11.0,11.0,5.670313358306885,11.0,11.0,11.0,11.0,11.0,11.0,11.0,0.8872501218752058
11.0,6.102132797241211,11.0,8.091826438903809,11.0,8.324444770812988,11.0,11.0,11.0,5.669808387756348,11.0,11.0,11.0,11.0,11.0,11.0,11.0,0.87943255751011451
11.0,6.848495960235596,11.0,11.0,11.0,8.373136520385742,11.0,11.0,11.0,5.6958184242248535,11.0,11.0,11.0,9.089034080505371,11.0,11.0,11.0,0.79902219568469679
11.0,6.92636251449585,11.0,11.0,11.0,8.355132102966309,11.0,8.217798233032227,11.0,5.8458943367004395,11.0,11.0,11.0,8.353668212890625,11.0,11.0,11.0,0.62990209494473215
11.0,6.411938190460205,11.0,11.0,11.0,8.250732421875,11.0,7.945289134979248,11.0,11.0,11.0,11.0,11.0,7.91842794418335,11.0,11.0,11.0,0.4983508404270301
11.0,6.197751998901367,11.0,5.275627613067627,11.0,8.060327529907227,11.0,7.9919114112854,11.0,11.0,11.0,5.876237869262695,11.0,7.657491207122803,11.0,11.0,11.0,0.31686782385126122
11.0,6.105024814605713,11.0,5.42618465423584,11.0,7.925939559936523,11.0,8.161540985107422,11.0,11.0,11.0,5.755026340484619,11.0,8.175508499145508,11.0,11.0,11.0,0.10903919927691928
11.0,6.138583660125732,11.0,5.770511627197266,11.0,7.961940765380859,11.0,8.330214500427246,11.0,11.0,11.0,5.732810020446777,11.0,11.0,11.0,11.0,11.0,-0.066602395699899133
11.0,6.308505535125732,11.0,6.11130428314209,11.0,8.487510681152344,11.0,8.439078330993652,11.0,11.0,11.0,5.742447376251221,11.0,11.0,11.0,11.0,11.0,-0.28346546686059548
11.0,6.73053503036499,11.0,6.406363010406494,11.0,11.0,11.0,8.479662895202637,11.0,8.257614135742188,11.0,5.828983783721924,11.0,11.0,11.0,8.20688247680664,11.0,-0.47436643868884176
11.0,6.954751491546631,11.0,6.599512100219727,11.0,11.0,11.0,8.44865894317627,11.0,7.959820747375488,11.0,11.0,11.0,5.798912525177002,11.0,7.618722438812256,11.0,-0.65849573069463685
11.0,6.204440593719482,11.0,6.650373935699463,11.0,11.0,11.0,8.332066535949707,11.0,7.982571125030518,11.0,11.0,11.0,5.818896293640137,11.0,11.0,11.0,-0.79230275715795673
11.0,5.637421607971191,11.0,6.554915904998779,11.0,11.0,11.0,8.15511703491211,11.0,8.15513801574707,11.0,11.0,11.0,6.1762776374816895,11.0,11.0,11.0,-0.88574551753710717
11.0,5.4062652587890625,11.0,6.356274604797363,11.0,5.337270736694336,11.0,7.969050884246826,11.0,8.337571144104004,11.0,11.0,11.0,6.484797954559326,11.0,5.9174933433532715,11.0,-0.95914302424388043
11.0,11.0,11.0,6.100821018218994,11.0,5.319886684417725,11.0,7.925971508026123,11.0,8.464245796203613,11.0,11.0,11.0,6.648696422576904,11.0,6.011068344116211,11.0,-0.9967322896123727
11.0,11.0,11.0,5.8224029541015625,11.0,5.448275089263916,11.0,8.189762115478516,11.0,8.52820873260498,11.0,11.0,11.0,6.620099067687988,11.0,7.047928333282471,11.0,-1.0098826018406655
11.0,8.34679126739502,11.0,5.552098274230957,11.0,5.601064682006836,11.0,11.0,11.0,8.512632369995117,11.0,8.52465534210205,11.0,6.40371561050415,11.0,8.234169960021973,11.0,-0.99842205438012899
5.225671768188477,9.046466827392578,11.0,5.3671793937683105,11.0,5.721368789672852,11.0,11.0,11.0,8.411510467529297,11.0,7.979598045349121,11.0,6.055705547332764,11.0,7.789584636688232,11.0,-0.94035565302181678
5.041162967681885,11.0,11.0,11.0,11.0,5.7870192527771,11.0,11.0,11.0,8.238986015319824,11.0,7.949104309082031,11.0,5.7735724449157715,11.0,7.607921123504639,11.0,-0.86655213954585009
5.17293643951416,11.0,11.0,11.0,11.0,5.793557167053223,11.0,11.0,11.0,8.011089324951172,11.0,8.095898628234863,11.0,6.018925189971924,11.0,7.596837520599365,11.0,-0.69235978402651444
5.342209339141846,11.0,11.0,11.0,11.0,5.74586296081543,11.0,5.37549352645874,11.0,7.901327610015869,11.0,8.25772762298584,11.0,11.0,11.0,7.736279487609863,11.0,-0.49240569145938962
5.4227070808410645,11.0,11.0,8.521831512451172,11.0,5.633152484893799,11.0,5.395674705505371,11.0,8.083643913269043,11.0,8.368754386901855,11.0,11.0,11.0,8.555662155151367,11.0,-0.2695243647408615
5.385796546936035,11.0,11.0,8.290918350219727,11.0,5.494441986083984,11.0,5.545011043548584,11.0,11.0,11.0,8.403829574584961,11.0,11.0,11.0,7.471288204193115,11.0,-0.055495314967079198
5.221286296844482,11.0,11.0,8.535307884216309,11.0,5.395040988922119,11.0,5.686373710632324,11.0,11.0,11.0,8.368800163269043,11.0,8.111324310302734,11.0,6.536242485046387,11.0,0.12401224251902376
4.973962306976318,11.0,11.0,8.884960174560547,11.0,5.4376115798950195,11.0,5.789781093597412,11.0,11.0,11.0,8.281312942504883,11.0,7.922849178314209,11.0,5.830678462982178,11.0,0.36507797023484057
4.770320415496826,9.964861869812012,11.0,9.136350631713867,11.0,11.0,11.0,5.847236156463623,11.0,11.0,11.0,8.138864517211914,11.0,8.276026725769043,11.0,11.0,11.0,0.37553795198391077
4.8656463623046875,8.746147155761719,11.0,9.209980010986328,11.0,11.0,11.0,5.852026462554932,11.0,5.530078411102295,11.0,7.96481466293335,11.0,8.779239654541016,11.0,11.0,11.0,0.52658407184190237
11.0,8.238759994506836,11.0,9.19204330444336,11.0,11.0,11.0,5.792187213897705,11.0,5.345157146453857,11.0,7.862943649291992,11.0,9.590612411499023,11.0,8.068929672241211,11.0,0.6328435052625867
11.0,11.0,11.0,9.032480239868164,11.0,11.0,11.0,5.701854228973389,11.0,5.436387062072754,11.0,7.908107757568359,11.0,11.0,11.0,8.311805725097656,11.0,0.71038926679335668
11.0,11.0,11.0,8.752071380615234,11.0,8.887944221496582,11.0,5.5434722900390625,11.0,5.620729446411133,11.0,8.442749977111816,11.0,11.0,11.0,9.439640998840332,11.0,0.74711913847952649
11.0,5.0885233879089355,11.0,8.410099983215332,11.0,8.331012725830078,11.0,5.401195049285889,11.0,5.745719909667969,11.0,11.0,11.0,11.0,11.0,11.0,11.0,0.80208200846972344
11.0,5.377391815185547,11.0,8.249344825744629,11.0,8.250229835510254,11.0,5.437490940093994,11.0,5.815515995025635,11.0,11.0,11.0,11.0,11.0,11.0,11.0,0.84028950377315936
11.0,5.835951805114746,11.0,8.501802444458008,11.0,8.289201736450195,11.0,11.0,11.0,5.820960521697998,11.0,11.0,11.0,9.41666030883789,11.0,11.0,11.0,0.82802784203064506
11.0,6.454681396484375,11.0,11.0,11.0,8.353931427001953,11.0,11.0,11.0,5.758113384246826,11.0,11.0,11.0,8.697877883911133,11.0,11.0,11.0,0.81105339487271055
11.0,5.995391845703125,11.0,11.0,11.0,8.359662055969238,11.0,11.0,11.0,5.630025863647461,11.0,5.368074417114258,11.0,8.19750690460205,11.0,11.0,11.0,0.64997217229437865
11.0,5.516541957855225,11.0,5.163468360900879,11.0,8.30111312866211,11.0,11.0,11.0,5.476120471954346,11.0,5.4203925132751465,11.0,7.842369556427002,11.0,11.0,11.0,0.46718114364710628
11.0,5.261783599853516,11.0,5.176275730133057,11.0,8.219756126403809,11.0,8.319940567016602,11.0,5.386207103729248,11.0,5.5514044761657715,11.0,8.080735206604004,11.0,11.0,11.0,0.33591891720635181
11.0,5.1251983642578125,11.0,5.42146110534668,11.0,8.235527038574219,11.0,8.205471992492676,11.0,5.549286842346191,11.0,5.652848720550537,11.0,11.0,11.0,11.0,11.0,0.18053607764990953
11.0,5.088244915008545,11.0,5.726865291595459,11.0,8.504822731018066,11.0,8.23637866973877,11.0,11.0,11.0,5.699653148651123,11.0,11.0,11.0,11.0,11.0,0.026450649850250425
11.0,5.1515278816223145,11.0,6.07050085067749,11.0,11.0,11.0,8.322576522827148,11.0,11.0,11.0,5.707010746002197,11.0,11.0,11.0,9.432941436767578,11.0,-0.1398821543106934
11.0,5.34803581237793,11.0,6.407647609710693,11.0,11.0,11.0,8.384086608886719,11.0,11.0,11.0,5.656048774719238,11.0,5.411880970001221,11.0,8.307435989379883,11.0,-0.31583309388311925
11.0,5.745400905609131,11.0,6.680056571960449,11.0,11.0,11.0,8.382453918457031,11.0,11.0,11.0,5.5570759773254395,11.0,5.531144142150879,11.0,7.800796031951904,11.0,-0.45053092457108451
11.0,6.759315013885498,11.0,6.860469341278076,11.0,5.230315685272217,11.0,8.318090438842773,11.0,8.365429878234863,11.0,5.458852291107178,11.0,5.895129680633545,11.0,11.0,11.0,-0.55215153739101197
11.0,6.151577949523926,11.0,6.888575077056885,11.0,5.121888160705566,11.0,8.228584289550781,11.0,8.206685066223145,11.0,5.432332992553711,11.0,6.258292198181152,11.0,11.0,11.0,-0.65428811038159818
11.0,5.700146198272705,11.0,6.776986122131348,11.0,5.248938083648682,11.0,8.200504302978516,11.0,8.245307922363281,11.0,5.686501502990723,11.0,6.536427021026611,11.0,5.347254276275635,11.0,-0.74172222856246972
11.0,5.395851135253906,11.0,6.5826096534729,11.0,5.435268402099609,11.0,8.392326354980469,11.0,8.360984802246094,11.0,11.0,11.0,6.670158863067627,11.0,5.790633201599121,11.0,-0.80637711552175628
11.0,5.405936241149902,11.0,6.325421333312988,11.0,5.637317180633545,11.0,11.0,11.0,8.46860122680664,11.0,11.0,11.0,6.640024662017822,11.0,6.54719877243042,11.0,-0.83803372732465531
11.0,11.0,11.0,6.040127277374268,11.0,5.833141803741455,11.0,11.0,11.0,8.479545593261719,11.0,11.0,11.0,6.434529781341553,11.0,7.385404109954834,11.0,-0.83198643146597084
11.0,8.816946983337402,11.0,5.763010501861572,11.0,5.996610164642334,11.0,11.0,11.0,8.390227317810059,11.0,11.0,11.0,6.126936912536621,11.0,7.252472400665283,11.0,-0.80564553497912061
5.039863109588623,8.871084213256836,11.0,5.525350093841553,11.0,6.105941295623779,11.0,5.2537760734558105,11.0,8.258356094360352,11.0,8.270735740661621,11.0,5.8072123527526855,11.0,6.93049955368042,11.0,-0.75888263720000781
4.281509876251221,9.711690902709961,11.0,5.340538024902344,11.0,6.153221607208252,11.0,5.165130138397217,11.0,8.181977272033691,11.0,8.181117057800293,11.0,5.51962423324585,11.0,6.865758895874023,11.0,-0.60639512209005952
4.157936096191406,11.0,11.0,5.319970607757568,11.0,6.129931449890137,11.0,5.335309028625488,11.0,8.29251480102539,11.0,8.245732307434082,11.0,5.499517917633057,11.0,6.925374507904053,11.0,-0.43674469695038443
4.129111289978027,11.0,11.0,11.0,11.0,6.028873443603516,11.0,5.54629373550415,11.0,11.0,11.0,8.340264320373535,11.0,11.0,11.0,7.259385108947754,11.0,-0.29584366689912761
4.103909015655518,11.0,11.0,11.0,11.0,5.887993812561035,11.0,5.745887756347656,11.0,11.0,11.0,8.395223617553711,11.0,11.0,11.0,7.393333435058594,11.0,-0.12066774780567616
4.054633140563965,11.0,11.0,8.981184005737305,11.0,5.731267929077148,11.0,5.924154758453369,11.0,11.0,11.0,8.360284805297852,11.0,11.0,11.0,6.666569232940674,11.0,0.085782026643814971
3.9869067668914795,11.0,11.0,8.68269157409668,11.0,5.569507598876953,11.0,6.0686540603637695,11.0,11.0,11.0,8.28030776977539,11.0,8.339479446411133,11.0,6.010890007019043,11.0,0.26216784397234083
3.999213218688965,9.67182445526123,11.0,8.73829174041748,11.0,5.423550128936768,11.0,6.1514973640441895,11.0,5.152532577514648,11.0,8.181851387023926,11.0,8.178572654724121,11.0,5.509143352508545,11.0,0.43411412450829312
4.3271684646606445,8.777338027954102,11.0,8.849054336547852,11.0,5.312997341156006,11.0,6.167667865753174,11.0,5.245702266693115,11.0,8.147997856140137,11.0,8.529210090637207,11.0,11.0,11.0,0.6168881242780484
11.0,8.926531791687012,11.0,8.877582550048828,11.0,5.2952141761779785,11.0,6.121517658233643,11.0,5.423305034637451,11.0,8.279729843139648,11.0,9.01343059539795,11.0,11.0,11.0,0.7486845571829599
11.0,11.0,11.0,8.78451156616211,11.0,11.0,11.0,6.012145519256592,11.0,5.611398220062256,11.0,11.0,11.0,9.61225700378418,11.0,8.23293399810791,11.0,0.87499345186662147
11.0,5.112005710601807,11.0,8.68455696105957,11.0,11.0,11.0,5.857077121734619,11.0,5.785921573638916,11.0,11.0,11.0,11.0,11.0,8.667551040649414,11.0,0.96503845784238151
11.0,5.308786869049072,11.0,8.725015640258789,11.0,11.0,11.0,5.683071136474609,11.0,5.920868396759033,11.0,11.0,11.0,11.0,11.0,9.993145942687988,11.0,1.0051352053289466
11.0,5.673955917358398,11.0,11.0,11.0,11.0,11.0,5.507691860198975,11.0,6.008423328399658,11.0,11.0,11.0,11.0,11.0,11.0,11.0,0.99487775061465444
11.0,6.20999813079834,11.0,11.0,11.0,9.29344367980957,11.0,5.353999614715576,11.0,6.034353733062744,11.0,5.221954822540283,11.0,9.71177864074707,11.0,11.0,11.0,1.010203555108641
11.0,5.045621395111084,11.0,5.324269771575928,11.0,8.946934700012207,11.0,5.252124786376953,11.0,5.999551296234131,11.0,5.156722545623779,11.0,9.003767967224121,11.0,11.0,11.0,0.93912422745856106
11.0,4.445972442626953,11.0,5.141239166259766,11.0,8.862227439880371,11.0,5.34929895401001,11.0,5.911445617675781,11.0,5.305773735046387,11.0,8.46323299407959,11.0,11.0,11.0,0.85389263320932163
11.0,4.145726203918457,11.0,5.262765884399414,11.0,8.946222305297852,11.0,11.0,11.0,5.779294967651367,11.0,5.487013339996338,11.0,8.109766006469727,11.0,11.0,11.0,0.74087704271091614
11.0,4.080530643463135,11.0,5.46515417098999,11.0,9.355170249938965,11.0,11.0,11.0,5.6177473068237305,11.0,5.658664703369141,11.0,8.465520858764648,11.0,11.0,11.0,0.53269235032692441
11.0,4.088194370269775,11.0,5.753940105438232,11.0,11.0,11.0,11.0,11.0,5.46126127243042,11.0,5.794947147369385,11.0,11.0,11.0,11.0,11.0,0.29743177146146021
11.0,4.1025285720825195,11.0,6.116805553436279,11.0,11.0,11.0,9.240188598632812,11.0,5.321694850921631,11.0,5.885331630706787,11.0,11.0,11.0,11.0,11.0,0.077641700745836928
11.0,4.077870845794678,11.0,5.792261600494385,11.0,11.0,11.0,8.838699340820312,11.0,5.249399662017822,11.0,5.91459321975708,11.0,5.221141338348389,11.0,11.0,11.0,-0.16747354857709021
11.0,4.064432621002197,11.0,5.198442459106445,11.0,5.156447887420654,11.0,8.738846778869629,11.0,5.36132287979126,11.0,5.8947014808654785,11.0,5.24515962600708,11.0,8.735699653625488,11.0,-0.34124991999805754
11.0,4.1609063148498535,11.0,4.949733257293701,11.0,5.133965969085693,11.0,8.711490631103516,11.0,11.0,11.0,5.843884468078613,11.0,5.549124717712402,11.0,8.067339897155762,11.0,-0.5149774469943349
11.0,4.576452732086182,11.0,4.830972194671631,11.0,5.2116570472717285,11.0,8.764069557189941,11.0,11.0,11.0,5.7663140296936035,11.0,5.953291416168213,11.0,11.0,11.0,-0.71792394792024039
11.0,5.437679767608643,11.0,4.822759628295898,11.0,5.323023319244385,11.0,8.90975570678711,11.0,11.0,11.0,5.663876533508301,11.0,6.430286884307861,11.0,11.0,11.0,-0.87351004226180495
11.0,6.029757499694824,11.0,4.941808223724365,11.0,5.4653120040893555,11.0,11.0,11.0,9.533864974975586,11.0,5.546323776245117,11.0,6.9094438552856445,11.0,5.290114402770996,11.0,-0.99353635365342019
11.0,5.644289493560791,11.0,5.193345069885254,11.0,5.628062725067139,11.0,11.0,11.0,8.799201011657715,11.0,5.416032791137695,11.0,6.614541053771973,11.0,5.980682849884033,11.0,-1.0831199746145761
11.0,5.444516181945801,11.0,5.686680316925049,11.0,5.802378177642822,11.0,11.0,11.0,8.67211627960205,11.0,5.305823802947998,11.0,6.376986503601074,11.0,6.974052906036377,11.0,-1.1296466418551783
11.0,5.54531717300415,11.0,6.218857288360596,11.0,5.969573974609375,11.0,5.425824165344238,11.0,8.638211250305176,11.0,5.322089672088623,11.0,6.473853588104248,11.0,6.005927562713623,11.0,-1.2164663896265955
11.0,9.587244033813477,11.0,5.930044651031494,11.0,6.109694480895996,11.0,5.154256820678711,11.0,8.658256530761719,11.0,11.0,11.0,7.149149417877197,11.0,5.622459888458252,11.0,-0.85363753806002218
11.0,9.183669090270996,11.0,5.677031517028809,11.0,6.211106300354004,11.0,5.2074666023254395,11.0,8.7694673538208,11.0,11.0,11.0,6.719913482666016,11.0,5.416370868682861,11.0,-0.79197082142835917
3.7975151538848877,9.798974990844727,11.0,5.524872779846191,11.0,6.218153953552246,11.0,5.331692218780518,11.0,9.194125175476074,11.0,11.0,11.0,6.311702251434326,11.0,5.329234600067139,11.0,-0.69619669868833556
3.5370676517486572,11.0,11.0,5.425583362579346,11.0,6.246336936950684,11.0,5.463919162750244,11.0,11.0,11.0,11.0,11.0,5.934242248535156,11.0,5.3188934326171875,11.0,-0.58573729674237507
3.430521249771118,11.0,11.0,5.374592304229736,11.0,6.218959331512451,11.0,5.654235363006592,11.0,11.0,11.0,8.971384048461914,11.0,5.604210376739502,11.0,5.374798774719238,11.0,-0.41506552894233106
3.3766086101531982,11.0,11.0,5.497607707977295,11.0,6.132631301879883,11.0,5.873462200164795,11.0,11.0,11.0,8.630446434020996,11.0,5.340627670288086,11.0,5.579154014587402,11.0,-0.21745522745637522
3.34274959564209,11.0,11.0,11.0,11.0,5.996335506439209,11.0,6.087865829467773,11.0,5.188181400299072,11.0,8.575987815856934,11.0,5.462428569793701,11.0,5.999290943145752,11.0,-0.034065111794574915
3.3346123695373535,11.0,11.0,9.907620429992676,11.0,5.841777324676514,11.0,6.259225845336914,11.0,5.159667491912842,11.0,8.588927268981934,11.0,11.0,11.0,6.889160633087158,11.0,0.14346477972091223
3.4370999336242676,10.00770378112793,11.0,9.240077018737793,11.0,5.696998119354248,11.0,6.376521110534668,11.0,5.269874572753906,11.0,8.680740356445312,11.0,11.0,11.0,6.059173583984375,11.0,0.25713358246904028
11.0,9.201118469238281,11.0,9.136455535888672,11.0,5.5706586837768555,11.0,6.434445381164551,11.0,5.418102264404297,11.0,8.992622375488281,11.0,8.527885437011719,11.0,5.526932239532471,11.0,0.3599315218016208
11.0,9.377252578735352,11.0,9.130257606506348,11.0,5.472518444061279,11.0,6.42102575302124,11.0,5.601254940032959,11.0,11.0,11.0,8.556114196777344,11.0,5.382499694824219,11.0,0.45525429763191794
11.0,5.549670696258545,11.0,9.12867259979248,11.0,5.4003071784973145,11.0,6.345016956329346,11.0,5.80574893951416,11.0,11.0,11.0,8.961487770080566,11.0,11.0,11.0,0.64180374904491022
11.0,5.256605625152588,11.0,9.130546569824219,11.0,5.3628082275390625,11.0,6.207935333251953,11.0,6.020537853240967,11.0,11.0,11.0,9.343695640563965,11.0,8.59687614440918,11.0,0.72897938696658293
11.0,5.333510875701904,11.0,9.246399879455566,11.0,5.441187381744385,11.0,6.019017219543457,11.0,6.204803943634033,11.0,5.199837684631348,11.0,9.481234550476074,11.0,8.847599029541016,11.0,0.84284986744235291
11.0,5.553931713104248,11.0,11.0,11.0,11.0,11.0,5.8121256828308105,11.0,6.327357769012451,11.0,5.107712745666504,11.0,9.330364227294922,11.0,9.87867259979248,11.0,0.88319562508372562
11.0,5.933469295501709,11.0,11.0,11.0,11.0,11.0,5.632807731628418,11.0,6.359311580657959,11.0,5.220848560333252,11.0,8.976766586303711,11.0,11.0,11.0,0.84003748394116329
11.0,4.306540489196777,11.0,5.295798301696777,11.0,11.0,11.0,5.487987041473389,11.0,6.335358619689941,11.0,5.37605619430542,11.0,8.57461166381836,11.0,11.0,11.0,0.82031940051242791
11.0,3.639826536178589,11.0,5.280126094818115,11.0,11.0,11.0,5.386066913604736,11.0,6.2403059005737305,11.0,5.561199188232422,11.0,8.457586288452148,11.0,11.0,11.0,0.76251683203119802
11.0,3.4193451404571533,11.0,5.342447757720947,11.0,11.0,11.0,5.324546813964844,11.0,6.1052021980285645,11.0,5.750724792480469,11.0,8.921396255493164,11.0,11.0,11.0,0.6459255185744649
11.0,3.3969013690948486,11.0,5.476040840148926,11.0,11.0,11.0,5.347768783569336,11.0,5.946130752563477,11.0,5.938599109649658,11.0,11.0,11.0,11.0,11.0,0.47705460367541508
11.0,3.4438652992248535,11.0,5.683887958526611,11.0,11.0,11.0,11.0,11.0,5.768846035003662,11.0,6.0991692543029785,11.0,11.0,11.0,11.0,11.0,0.33277431278055086
11.0,3.495173215866089,11.0,5.9638214111328125,11.0,5.523401737213135,11.0,11.0,11.0,5.606019020080566,11.0,6.19818639755249,11.0,5.107976913452148,11.0,11.0,11.0,0.12933770438630754
11.0,3.5063130855560303,11.0,4.703884124755859,11.0,5.282362937927246,11.0,11.0,11.0,5.476687908172607,11.0,6.2387471199035645,11.0,5.2226104736328125,11.0,9.632502555847168,11.0,-0.026577838463855044
11.0,3.4613983631134033,11.0,4.147008419036865,11.0,5.250591278076172,11.0,11.0,11.0,5.381817817687988,11.0,6.220566749572754,11.0,5.443164825439453,11.0,8.606867790222168,11.0,-0.23088793717405123
11.0,3.393221616744995,11.0,3.802915096282959,11.0,5.278892993927002,11.0,11.0,11.0,5.321186542510986,11.0,6.152941703796387,11.0,5.739017963409424,11.0,8.661478042602539,11.0,-0.41970807966210893
11.0,3.401010751724243,11.0,3.6459054946899414,11.0,5.341128349304199,11.0,11.0,11.0,5.344542980194092,11.0,6.043712139129639,11.0,6.10562801361084,11.0,11.0,11.0,-0.5783417145903208
11.0,3.600546360015869,11.0,3.582780122756958,11.0,5.438994884490967,11.0,11.0,11.0,5.714232444763184,11.0,5.9163689613342285,11.0,6.511320114135742,11.0,5.057727336883545,11.0,-0.7212885867547344
11.0,4.369226932525635,11.0,3.5860965251922607,11.0,5.570150852203369,11.0,11.0,11.0,11.0,11.0,5.778077602386475,11.0,5.697617053985596,11.0,5.3320794105529785,11.0,-0.80244066279245485
11.0,5.999892711639404,11.0,3.6568551063537598,11.0,5.730594635009766,11.0,11.0,11.0,11.0,11.0,5.645227909088135,11.0,5.3997063636779785,11.0,5.8549418449401855,11.0,-0.92659486518292256
11.0,5.72744083404541,11.0,3.810901641845703,11.0,5.90977144241333,11.0,5.322094440460205,11.0,11.0,11.0,5.520524024963379,11.0,5.254734516143799,11.0,6.648662090301514,11.0,-0.95517470507850166
11.0,5.6105852127075195,11.0,4.149507522583008,11.0,6.125372886657715,11.0,5.260200500488281,11.0,9.761161804199219,11.0,5.416018962860107,11.0,5.254473686218262,11.0,5.231873512268066,11.0,-0.92910907989981306
11.0,5.624534606933594,11.0,4.694551944732666,11.0,4.9328155517578125,11.0,5.288022518157959,11.0,9.709113121032715,11.0,5.340016841888428,11.0,5.409170627593994,11.0,4.801706314086914,11.0,-0.91956977179523125
11.0,6.137564182281494,11.0,6.0657572746276855,11.0,4.670590400695801,11.0,5.354861736297607,11.0,11.0,11.0,5.351538181304932,11.0,5.776031017303467,11.0,4.5884199142456055,11.0,-0.90048576462130014
11.0,9.704252243041992,11.0,5.849697589874268,11.0,4.517951011657715,11.0,5.460586071014404,11.0,11.0,11.0,11.0,11.0,6.463658332824707,11.0,4.514636516571045,11.0,-0.84855722624767804
11.0,9.955208778381348,11.0,5.690689563751221,11.0,4.468403339385986,11.0,5.613292217254639,11.0,11.0,11.0,11.0,11.0,6.108293533325195,11.0,4.503793239593506,11.0,-0.67272954787310379
3.346707344055176,11.0,11.0,5.597427845001221,11.0,4.518235206604004,11.0,5.806649684906006,11.0,5.419730186462402,11.0,11.0,11.0,5.78952693939209,11.0,4.516921043395996,11.0,-0.49221583310623196
3.0561492443084717,11.0,11.0,5.56986665725708,11.0,4.730483531951904,11.0,6.020956516265869,11.0,5.2566375732421875,11.0,11.0,11.0,5.546196460723877,11.0,4.6144914627075195,11.0,-0.28599546089605415
2.971863031387329,11.0,11.0,5.594269752502441,11.0,5.0984015464782715,11.0,5.325348377227783,11.0,5.272089958190918,11.0,11.0,11.0,5.384449005126953,11.0,4.883458137512207,11.0,-0.11496987995298739
3.0163795948028564,11.0,11.0,5.700908184051514,11.0,6.079298973083496,11.0,4.8950629234313965,11.0,5.327563762664795,11.0,11.0,11.0,5.306729316711426,11.0,5.346169948577881,11.0,0.11264737841227628
11.0,11.0,11.0,11.0,11.0,5.932109355926514,11.0,4.650308132171631,11.0,5.418862342834473,11.0,11.0,11.0,11.0,11.0,6.621677398681641,11.0,0.31318721954824941
11.0,9.67503547668457,11.0,11.0,11.0,5.8004255294799805,11.0,4.504419326782227,11.0,5.547699928283691,11.0,11.0,11.0,11.0,11.0,5.9854936599731445,11.0,0.50293425286069049
11.0,11.0,11.0,9.967317581176758,11.0,5.695948600769043,11.0,4.47559118270874,11.0,5.709423065185547,11.0,11.0,11.0,9.123007774353027,11.0,5.550527095794678,11.0,0.69385417999166266
11.0,5.525402069091797,11.0,10.024417877197266,11.0,5.619534015655518,11.0,4.545050144195557,11.0,5.886051177978516,11.0,5.437714099884033,11.0,8.92586898803711,11.0,5.344868183135986,11.0,0.84650102455189924
11.0,5.464822292327881,11.0,11.0,11.0,5.570039749145508,11.0,4.7337799072265625,11.0,6.071613788604736,11.0,5.236473083496094,11.0,9.170028686523438,11.0,11.0,11.0,0.94834795666499028
11.0,5.553662300109863,11.0,5.809757709503174,11.0,5.544661521911621,11.0,5.082047939300537,11.0,5.231653690338135,11.0,5.2045512199401855,11.0,9.55731201171875,11.0,8.943904876708984,11.0,1.0696687071671742
11.0,4.764832973480225,11.0,5.6015706062316895,11.0,5.537071228027344,11.0,6.07604455947876,11.0,4.956853866577148,11.0,5.240647315979004,11.0,9.71621036529541,11.0,9.735281944274902,11.0,1.0994374203556425
11.0,3.2028920650482178,11.0,5.52556037902832,11.0,5.5408196449279785,11.0,5.903765678405762,11.0,4.8201069831848145,11.0,5.30953311920166,11.0,9.607860565185547,11.0,11.0,11.0,0.91742053289979919
11.0,2.8747034072875977,11.0,5.492243766784668,11.0,5.546172618865967,11.0,5.751077175140381,11.0,4.78640604019165,11.0,5.416812419891357,11.0,9.245349884033203,11.0,11.0,11.0,0.60280254472429029
11.0,2.832679510116577,11.0,5.506918430328369,11.0,5.54871940612793,11.0,5.638268947601318,11.0,4.854278564453125,11.0,5.564479351043701,11.0,8.931241035461426,11.0,11.0,11.0,0.57323384447631265
11.0,2.8935508728027344,11.0,5.554877758026123,11.0,5.550090312957764,11.0,5.565639972686768,11.0,4.981545448303223,11.0,5.735337734222412,11.0,9.042427062988281,11.0,11.0,11.0,0.52538355383784241
11.0,3.0430564880371094,11.0,5.64450216293335,11.0,5.556046962738037,11.0,5.520002365112305,11.0,5.179996013641357,11.0,5.935055732727051,11.0,11.0,11.0,11.0,11.0,0.40482978380847312
11.0,3.285815477371216,11.0,5.795251369476318,11.0,5.5427680015563965,11.0,5.500074863433838,11.0,6.138744831085205,11.0,6.182603359222412,11.0,5.293436050415039,11.0,11.0,11.0,0.2172654740912367
11.0,3.570324659347534,11.0,4.017616271972656,11.0,5.512964725494385,11.0,5.513979434967041,11.0,5.936219215393066,11.0,5.059360504150391,11.0,5.221628189086914,11.0,11.0,11.0,-0.024816028501176243
11.0,3.5449583530426025,11.0,3.3159241676330566,11.0,5.483767032623291,11.0,5.554531574249268,11.0,5.770642280578613,11.0,4.866010665893555,11.0,5.385552883148193,11.0,9.919601440429688,11.0,-0.22435912891163931
11.0,3.272397041320801,11.0,3.042762041091919,11.0,5.465534687042236,11.0,5.623704433441162,11.0,5.652158260345459,11.0,4.812222957611084,11.0,5.63431453704834,11.0,8.842103958129883,11.0,-0.35826650531037191
11.0,3.0391016006469727,11.0,2.9287776947021484,11.0,5.4683051109313965,11.0,5.694172382354736,11.0,5.574097156524658,11.0,4.853559970855713,11.0,5.964834213256836,11.0,11.0,11.0,-0.39194606398257398
11.0,2.8946352005004883,11.0,2.870774984359741,11.0,5.494269371032715,11.0,5.736392974853516,11.0,5.53013801574707,11.0,4.990558624267578,11.0,5.22671365737915,11.0,5.1426777839660645,11.0,-0.48635593546495209
11.0,2.8339145183563232,11.0,2.8539164066314697,11.0,5.547375679016113,11.0,5.724706172943115,11.0,5.515723705291748,11.0,5.259169101715088,11.0,4.567061901092529,11.0,5.232915878295898,11.0,-0.60604257917849347
11.0,2.8882906436920166,11.0,2.8468785285949707,11.0,5.640675067901611,11.0,5.641862392425537,11.0,5.5290207862854,11.0,6.178299903869629,11.0,4.1462602615356445,11.0,5.561182498931885,11.0,-0.73888399656204073
11.0,3.212674617767334,11.0,2.8494842052459717,11.0,5.777462959289551,11.0,5.549530029296875,11.0,5.604872703552246,11.0,5.989100456237793,11.0,3.939542531967163,11.0,6.150916576385498,11.0,-0.82241200325322494
11.0,4.930108070373535,11.0,2.862201452255249,11.0,4.382933616638184,11.0,5.493574142456055,11.0,5.761105060577393,11.0,5.805434226989746,11.0,3.8946099281311035,11.0,4.597890853881836,11.0,-0.97015399196507557
11.0,5.813049793243408,11.0,2.886610507965088,11.0,3.704808473587036,11.0,5.464701175689697,11.0,11.0,11.0,5.661093711853027,11.0,3.9469451904296875,11.0,4.089395046234131,11.0,-0.99200368839332898
11.0,5.8009562492370605,11.0,2.975607395172119,11.0,3.3099586963653564,11.0,5.4694623947143555,11.0,11.0,11.0,5.566219806671143,11.0,4.08974027633667,11.0,3.857473611831665,11.0,-0.97988873173122382
11.0,5.904769420623779,11.0,3.1806631088256836,11.0,3.155686378479004,11.0,5.516222953796387,11.0,5.8593525886535645,11.0,5.518555641174316,11.0,4.340749263763428,11.0,3.77548885345459,11.0,-0.96607765627229536
11.0,6.150962829589844,11.0,3.825701951980591,11.0,3.0872178077697754,11.0,5.602992534637451,11.0,5.641173839569092,11.0,5.506199359893799,11.0,4.718436241149902,11.0,3.7653849124908447,11.0,-0.80958300016384976
11.0,11.0,11.0,5.907444477081299,11.0,3.0536670684814453,11.0,5.729233741760254,11.0,5.535202503204346,11.0,5.523309230804443,11.0,5.314798831939697,11.0,3.774611234664917,11.0,-0.67227696016905281
11.0,11.0,11.0,5.802958011627197,11.0,3.060500383377075,11.0,5.904107093811035,11.0,5.488262176513672,11.0,5.5930609703063965,11.0,6.080528736114502,11.0,3.773552656173706,11.0,-0.5100123843688138
11.0,11.0,11.0,5.762238502502441,11.0,3.099865674972534,11.0,4.235780239105225,11.0,5.464644432067871,11.0,5.713615894317627,11.0,5.830769062042236,11.0,3.760164260864258,11.0,-0.37270641227202705
11.0,11.0,11.0,5.776126384735107,11.0,3.1771156787872314,11.0,3.685455799102783,11.0,5.463416576385498,11.0,5.903670310974121,11.0,5.650018692016602,11.0,3.7768478393554688,11.0,-0.19830260998737131
11.0,11.0,11.0,5.8354082107543945,11.0,3.3335931301116943,11.0,3.353743553161621,11.0,5.492581844329834,11.0,11.0,11.0,5.5362324714660645,11.0,3.932521343231201,11.0,-0.021056092564258253
11.0,11.0,11.0,5.9202399253845215,11.0,3.705705165863037,11.0,3.191037654876709,11.0,5.559755802154541,11.0,5.774368762969971,11.0,5.489075183868408,11.0,4.433075428009033,11.0,0.13921197350744408
11.0,11.0,11.0,6.009466171264648,11.0,4.413997173309326,11.0,3.112480401992798,11.0,5.669885158538818,11.0,5.599491596221924,11.0,5.541491508483887,11.0,5.675575256347656,11.0,0.3079220361851725
11.0,6.157824516296387,11.0,6.096281051635742,11.0,5.905235767364502,11.0,3.0748977661132812,11.0,5.8154215812683105,11.0,5.494574069976807,11.0,11.0,11.0,5.856436729431152,11.0,0.46750300868622902
11.0,5.849571704864502,11.0,6.147841453552246,11.0,5.820104598999023,11.0,3.075242042541504,11.0,4.574363708496094,11.0,5.445918083190918,11.0,9.705141067504883,11.0,5.59485387802124,11.0,0.60360699362830095
11.0,5.684825897216797,11.0,6.105435848236084,11.0,5.767012119293213,11.0,3.11968731880188,11.0,3.9480206966400146,11.0,5.419670581817627,11.0,9.419455528259277,11.0,5.52280330657959,11.0,0.70488963920825654
11.0,5.637669086456299,11.0,6.012735843658447,11.0,5.743839740753174,11.0,3.2132515907287598,11.0,3.5540835857391357,11.0,5.414466857910156,11.0,9.46591854095459,11.0,11.0,11.0,0.77861868310014382
11.0,3.55344820022583,11.0,5.915915489196777,11.0,5.745419979095459,11.0,3.4260246753692627,11.0,3.3464765548706055,11.0,5.4394025802612305,11.0,9.517537117004395,11.0,9.426422119140625,11.0,0.84535277836092615
11.0,2.5132620334625244,11.0,5.816695690155029,11.0,5.763820171356201,11.0,3.925405263900757,11.0,3.240314483642578,11.0,5.50187349319458,11.0,9.47529411315918,11.0,11.0,11.0,0.865978070369955
11.0,2.3781583309173584,11.0,5.7271881103515625,11.0,5.789336204528809,11.0,4.805527210235596,11.0,3.2062034606933594,11.0,5.606631755828857,11.0,9.418938636779785,11.0,11.0,11.0,0.90709572283165663
11.0,2.460292339324951,11.0,5.669425964355469,11.0,5.809821605682373,11.0,5.839285850524902,11.0,3.2122883796691895,11.0,5.755704879760742,11.0,9.620993614196777,11.0,11.0,11.0,0.8696517163324099
11.0,2.8111801147460938,11.0,5.661438941955566,11.0,5.8166632652282715,11.0,5.752925395965576,11.0,3.263253927230835,11.0,4.9391632080078125,11.0,11.0,11.0,11.0,11.0,0.81088940119108688
11.0,4.594712257385254,11.0,5.720516681671143,11.0,5.803072452545166,11.0,5.706571578979492,11.0,3.404162645339966,11.0,4.266458988189697,11.0,5.465088367462158,11.0,11.0,11.0,0.66516550033965782
11.0,11.0,11.0,2.8515522480010986,11.0,5.771183490753174,11.0,5.696720600128174,11.0,3.717291831970215,11.0,3.8440279960632324,11.0,5.403137683868408,11.0,11.0,11.0,0.46253152228637701
11.0,11.0,11.0,2.5204663276672363,11.0,5.724391460418701,11.0,5.712832927703857,11.0,4.260664463043213,11.0,3.589609146118164,11.0,5.414594650268555,11.0,11.0,11.0,0.29306828737900592
11.0,11.0,11.0,2.420764684677124,11.0,5.678054332733154,11.0,5.74131441116333,11.0,5.937777996063232,11.0,3.4544425010681152,11.0,5.487451553344727,11.0,11.0,11.0,0.11500834446826186
11.0,11.0,11.0,2.424916982650757,11.0,5.646412372589111,11.0,5.769588947296143,11.0,5.823822021484375,11.0,3.410024642944336,11.0,5.624179840087891,11.0,9.564294815063477,11.0,-0.095428334158002573
11.0,11.0,11.0,2.501772403717041,11.0,5.637027740478516,11.0,5.7933173179626465,11.0,5.7487101554870605,11.0,3.4115142822265625,11.0,5.833171367645264,11.0,9.620539665222168,11.0,-0.26204773965719774
11.0,11.0,11.0,2.6155080795288086,11.0,5.657540798187256,11.0,5.80406379699707,11.0,5.706061840057373,11.0,3.4700186252593994,11.0,4.405045509338379,11.0,5.473437309265137,11.0,-0.45469022996485725
11.0,3.778595209121704,11.0,2.730250120162964,11.0,5.710386753082275,11.0,5.797874450683594,11.0,5.696906566619873,11.0,3.6240904331207275,11.0,3.6393847465515137,11.0,5.355830669403076,11.0,-0.62206411763705638
11.0,2.78413987159729,11.0,2.803563356399536,11.0,3.253358840942383,11.0,5.775259494781494,11.0,5.713388442993164,11.0,3.9037067890167236,11.0,3.277667999267578,11.0,5.468091011047363,11.0,-0.75085124104589396
11.0,2.5280556678771973,11.0,2.7805159091949463,11.0,2.7653629779815674,11.0,5.737009525299072,11.0,5.7454705238342285,11.0,4.34959077835083,11.0,3.142275810241699,11.0,5.790184497833252,11.0,-0.86368800363876241
11.0,2.4941816329956055,11.0,2.700756549835205,11.0,2.5792078971862793,11.0,5.695346355438232,11.0,5.78036642074585,11.0,5.20823860168457,11.0,3.0886406898498535,11.0,3.901853561401367,11.0,-0.93083483471144068
11.0,2.7030606269836426,11.0,2.5996415615081787,11.0,2.494511604309082,11.0,5.661304950714111,11.0,5.807612895965576,11.0,5.874966621398926,11.0,3.083329200744629,11.0,3.2334325313568115,11.0,-0.99641553351348977
11.0,5.960205554962158,11.0,2.5223753452301025,11.0,2.4623734951019287,11.0,5.647776126861572,11.0,5.819956302642822,11.0,5.783965110778809,11.0,3.0832605361938477,11.0,3.077772378921509,11.0,-1.0043293142527752
11.0,6.042630672454834,11.0,2.4739904403686523,11.0,2.4567067623138428,11.0,5.66623592376709,11.0,5.812345027923584,11.0,5.7239203453063965,11.0,3.0937905311584473,11.0,3.124417781829834,11.0,-0.97689273247621422
11.0,6.236435413360596,11.0,2.477470874786377,11.0,2.4770188331604004,11.0,5.7254557609558105,11.0,5.785539150238037,11.0,5.697989463806152,11.0,3.1559298038482666,11.0,3.262277603149414,11.0,-0.924761047874058
11.0,6.512016773223877,11.0,2.5616986751556396,11.0,2.4950191974639893,11.0,3.6443066596984863,11.0,5.744462490081787,11.0,5.7013983726501465,11.0,3.300642251968384,11.0,3.4226768016815186,11.0,-0.85934083651880666
11.0,11.0,11.0,2.7944765090942383,11.0,2.505821704864502,11.0,2.893092632293701,11.0,5.699355602264404,11.0,5.721261501312256,11.0,3.6670572757720947,11.0,3.4792370796203613,11.0,-0.68436037398099503
11.0,11.0,11.0,5.927796363830566,11.0,2.509577751159668,11.0,2.6564974784851074,11.0,5.660971164703369,11.0,5.746562480926514,11.0,4.476965427398682,11.0,3.3866214752197266,11.0,-0.48785591615005564
11.0,11.0,11.0,5.940134525299072,11.0,2.5045034885406494,11.0,2.5533013343811035,11.0,5.643362045288086,11.0,5.765688419342041,11.0,5.904409885406494,11.0,3.238710403442383,11.0,-0.28539966379344234
11.0,11.0,11.0,6.003780841827393,11.0,2.4959938526153564,11.0,2.5163369178771973,11.0,5.65684700012207,11.0,5.770081996917725,11.0,5.7603759765625,11.0,3.1290786266326904,11.0,-0.08716182735572868
11.0,11.0,11.0,6.098536968231201,11.0,2.5157437324523926,11.0,2.505398750305176,11.0,5.703219413757324,11.0,5.757181167602539,11.0,5.687100410461426,11.0,3.1164517402648926,11.0,0.15611751742121371
11.0,11.0,11.0,6.197483062744141,11.0,2.5497775077819824,11.0,2.513423204421997,11.0,4.3601202964782715,11.0,5.731344699859619,11.0,5.678040027618408,11.0,3.3084311485290527,11.0,-0.46085484140537308
11.0,6.679803848266602,11.0,6.259375095367432,11.0,2.6356959342956543,11.0,2.523904323577881,11.0,3.147596836090088,11.0,5.694922924041748,11.0,5.729885101318359,11.0,4.141851902008057,11.0,-0.17552211418642666
11.0,6.414712429046631,11.0,6.410258769989014,11.0,2.74875807762146,11.0,2.5323638916015625,11.0,2.753880023956299,11.0,5.653278827667236,11.0,5.843319416046143,11.0,5.88826322555542,11.0,-0.096258180139826871
11.0,6.1620774269104,11.0,6.514822959899902,11.0,3.495208263397217,11.0,2.5508806705474854,11.0,2.5822014808654785,11.0,5.613389492034912,11.0,11.0,11.0,5.717868328094482,11.0,0.043297834821059852
11.0,5.94197416305542,11.0,6.57053804397583,11.0,5.927025318145752,11.0,2.5343475341796875,11.0,2.518393039703369,11.0,5.593146800994873,11.0,11.0,11.0,5.726364612579346,11.0,0.10325041210425899
11.0,5.79239559173584,11.0,6.539867877960205,11.0,5.968009948730469,11.0,2.5209147930145264,11.0,2.5212924480438232,11.0,5.644471168518066,11.0,11.0,11.0,5.823421478271484,11.0,0.23307290044094994
11.0,2.2773702144622803,11.0,6.438757419586182,11.0,6.044795036315918,11.0,2.5535032749176025,11.0,2.5401573181152344,11.0,5.7314958572387695,11.0,5.872470855712891,11.0,6.132645606994629,11.0,0.2415908207535003
11.0,2.090501308441162,11.0,6.279345989227295,11.0,6.144161224365234,11.0,2.655055046081543,11.0,2.550769329071045,11.0,3.4303417205810547,11.0,5.7700018882751465,11.0,11.0,11.0,0.28059655089861157
11.0,2.075248956680298,11.0,6.107314586639404,11.0,6.233689785003662,11.0,2.904522180557251,11.0,2.551384449005127,11.0,2.8568267822265625,11.0,5.685428142547607,11.0,11.0,11.0,0.1907294192201314
11.0,2.178252696990967,11.0,5.943446636199951,11.0,6.300430774688721,11.0,4.615660190582275,11.0,2.5409810543060303,11.0,2.6554346084594727,11.0,5.622047424316406,11.0,9.931306838989258,11.0,0.20468000633804281
11.0,2.45053768157959,11.0,5.820237636566162,11.0,6.325459003448486,11.0,5.898077011108398,11.0,2.5292608737945557,11.0,2.576667308807373,11.0,5.589107990264893,11.0,9.93896484375,11.0,0.14608074555369632
11.0,2.9353983402252197,11.0,2.5662755966186523,11.0,6.316928863525391,11.0,5.92431116104126,11.0,2.5420634746551514,11.0,2.5464119911193848,11.0,5.596170425415039,11.0,9.938121795654297,11.0,0.050819486192696113
11.0,3.4782917499542236,11.0,2.2138895988464355,11.0,6.254050254821777,11.0,5.9901251792907715,11.0,2.5765280723571777,11.0,2.5431041717529297,11.0,5.654842376708984,11.0,9.961691856384277,11.0,-0.050738348535454128
11.0,3.939718246459961,11.0,2.0981123447418213,11.0,6.1521124839782715,11.0,6.076716899871826,11.0,2.6792376041412354,11.0,2.54931902885437,11.0,4.4765729904174805,11.0,11.0,11.0,-0.1995960880109344
11.0,4.157998085021973,11.0,2.0878069400787354,11.0,6.031484127044678,11.0,6.16694450378418,11.0,2.9219882488250732,11.0,2.5552315711975098,11.0,3.150486707687378,11.0,5.8125386238098145,11.0,-0.35405941230892235
11.0,4.0454535484313965,11.0,2.155336618423462,11.0,5.9139604568481445,11.0,6.238929748535156,11.0,4.1912031173706055,11.0,2.552325487136841,11.0,2.770240068435669,11.0,5.659639358520508,11.0,-0.5242977445523489
11.0,3.6652657985687256,11.0,2.2853503227233887,11.0,5.819417953491211,11.0,6.2757368087768555,11.0,5.887973308563232,11.0,2.5516860485076904,11.0,2.622837781906128,11.0,5.577624797821045,11.0,-0.68932862903087289
11.0,3.1642260551452637,11.0,2.451766014099121,11.0,3.1380443572998047,11.0,6.275376796722412,11.0,5.9070940017700195,11.0,2.564443588256836,11.0,2.5688982009887695,11.0,5.575202941894531,11.0,-0.83575423443670893
11.0,2.692046880722046,11.0,2.602066993713379,11.0,2.395944356918335,11.0,6.23783016204834,11.0,5.959937572479248,11.0,2.588346481323242,11.0,2.572348117828369,11.0,5.6869282722473145,11.0,-0.97341289814747978
11.0,2.3611886501312256,11.0,2.675433874130249,11.0,2.2147676944732666,11.0,6.168516635894775,11.0,6.033508777618408,11.0,2.6610217094421387,11.0,2.6215670108795166,11.0,3.1371288299560547,11.0,-1.0653658594888546
11.0,2.2170000076293945,11.0,2.630115509033203,11.0,2.134458303451538,11.0,6.0801520347595215,11.0,6.114409923553467,11.0,2.7893288135528564,11.0,2.6886913776397705,11.0,2.6305408477783203,11.0,-1.1173483307144918
11.0,2.2114169597625732,11.0,2.519301176071167,11.0,2.1076104640960693,11.0,5.981721878051758,11.0,6.185775279998779,11.0,3.057919979095459,11.0,2.7373404502868652,11.0,2.535501480102539,11.0,-1.0948037978935783
11.0,2.3861327171325684,11.0,2.382512092590332,11.0,2.1288793087005615,11.0,5.890707492828369,11.0,6.2332763671875,11.0,4.558411121368408,11.0,2.740009307861328,11.0,2.645585536956787,11.0,-1.0724726496803798
11.0,6.280141353607178,11.0,2.285679578781128,11.0,2.1642487049102783,11.0,5.818843841552734,11.0,6.252638816833496,11.0,5.9047112464904785,11.0,2.6964824199676514,11.0,3.0307517051696777,11.0,-1.0502187884510168
11.0,6.6349101066589355,11.0,2.2168493270874023,11.0,2.2204129695892334,11.0,3.0748279094696045,11.0,6.238250255584717,11.0,5.916139602661133,11.0,2.628859519958496,11.0,11.0,11.0,-0.9891902223555461
11.0,7.097660541534424,11.0,2.1797609329223633,11.0,2.270702600479126,11.0,2.437039852142334,11.0,6.18982458114624,11.0,5.964731693267822,11.0,2.590308904647827,11.0,11.0,11.0,-0.941252389832539
11.0,11.0,11.0,2.195706367492676,11.0,2.3184452056884766,11.0,2.2492563724517822,11.0,6.103860378265381,11.0,6.037431240081787,11.0,2.6151769161224365,11.0,11.0,11.0,-0.82186820777092628
11.0,11.0,11.0,2.2821292877197266,11.0,2.3376924991607666,11.0,2.168661594390869,11.0,5.998199939727783,11.0,6.1123433113098145,11.0,2.750234603881836,11.0,11.0,11.0,-0.62734778854500306
11.0,11.0,11.0,2.4858062267303467,11.0,2.3188836574554443,11.0,2.151442050933838,11.0,5.897737979888916,11.0,6.175882816314697,11.0,3.146851062774658,11.0,4.156649112701416,11.0,-0.42285564596491537
11.0,11.0,11.0,6.208710670471191,11.0,2.2733914852142334,11.0,2.1769425868988037,11.0,5.819282531738281,11.0,6.211920261383057,11.0,5.909965991973877,11.0,2.933319330215454,11.0,-0.2068245863837247
11.0,11.0,11.0,6.406361103057861,11.0,2.237842559814453,11.0,2.2238218784332275,11.0,5.773524761199951,11.0,6.2126545906066895,11.0,5.896209716796875,11.0,2.6898844242095947,11.0,-0.031582746612185103
11.0,11.0,11.0,6.599650859832764,11.0,2.203672409057617,11.0,2.2710297107696533,11.0,2.5626378059387207,11.0,6.1828694343566895,11.0,5.953977108001709,11.0,2.6191751956939697,11.0,0.1239176137805099
11.0,11.0,11.0,6.7629170417785645,11.0,2.1954615116119385,11.0,2.317276954650879,11.0,2.3064303398132324,11.0,6.1277689933776855,11.0,6.078790187835693,11.0,2.730778932571411,11.0,0.3152337551060958
11.0,6.877315044403076,11.0,6.87252950668335,11.0,2.201866865158081,11.0,2.348904609680176,11.0,2.190995693206787,11.0,6.049745082855225,11.0,6.272265434265137,11.0,3.416924476623535,11.0,0.47710824793063289
11.0,6.361531734466553,11.0,6.895122528076172,11.0,2.2471086978912354,11.0,2.3496665954589844,11.0,2.1454689502716064,11.0,5.9627861976623535,11.0,6.64212703704834,11.0,5.935725688934326,11.0,0.61233886084167
11.0,2.073681116104126,11.0,6.821410179138184,11.0,2.3218369483947754,11.0,2.314002752304077,11.0,2.1434202194213867,11.0,5.8738508224487305,11.0,11.0,11.0,6.060622692108154,11.0,0.79515973061342293
11.0,1.9649537801742554,11.0,6.673704624176025,11.0,2.448897361755371,11.0,2.263711452484131,11.0,2.167238712310791,11.0,5.797745227813721,11.0,11.0,11.0,6.3930344581604,11.0,0.90228295610057729
11.0,2.045710802078247,11.0,6.463039875030518,11.0,2.709524393081665,11.0,2.2183098793029785,11.0,2.204622983932495,11.0,5.746349811553955,11.0,11.0,11.0,11.0,11.0,0.96748520268747107
11.0,2.359177827835083,11.0,2.7364704608917236,11.0,6.168344020843506,11.0,2.1829912662506104,11.0,2.2389278411865234,11.0,2.946657657623291,11.0,11.0,11.0,11.0,11.0,0.97902167994522582
11.0,2.8669745922088623,11.0,2.2176742553710938,11.0,6.232771396636963,11.0,2.177626848220825,11.0,2.2524020671844482,11.0,2.4536335468292236,11.0,11.0,11.0,11.0,11.0,0.99981374135607415
11.0,3.642789840698242,11.0,2.0556998252868652,11.0,6.26941442489624,11.0,2.208751916885376,11.0,2.2505974769592285,11.0,2.277282953262329,11.0,11.0,11.0,11.0,11.0,0.99333041419413592
11.0,11.0,11.0,1.9992012977600098,11.0,6.275572776794434,11.0,2.2775659561157227,11.0,2.2344627380371094,11.0,2.194391965866089,11.0,6.349076271057129,11.0,11.0,11.0,0.88092120917119432
11.0,11.0,11.0,2.0363399982452393,11.0,6.239865779876709,11.0,2.4071500301361084,11.0,2.2060768604278564,11.0,2.1650729179382324,11.0,6.114795207977295,11.0,11.0,11.0,0.73953164865734888
11.0,11.0,11.0,2.1848201751708984,11.0,6.161956787109375,11.0,2.673048496246338,11.0,2.184575080871582,11.0,2.1593704223632812,11.0,5.928285121917725,11.0,11.0,11.0,0.57604309595664516
11.0,11.0,11.0,2.4511542320251465,11.0,2.446743965148926,11.0,6.081367015838623,11.0,2.1757237911224365,11.0,2.182786226272583,11.0,5.80077600479126,11.0,11.0,11.0,0.35639181627899924
11.0,11.0,11.0,2.81512188911438,11.0,2.210935354232788,11.0,6.164625644683838,11.0,2.1893246173858643,11.0,2.2009830474853516,11.0,5.742027282714844,11.0,11.0,11.0,0.069035755560897694
11.0,11.0,11.0,3.251737594604492,11.0,2.0781030654907227,11.0,6.2296462059021,11.0,2.2318835258483887,11.0,2.214026689529419,11.0,2.6203079223632812,11.0,11.0,11.0,-0.14987536889239106
11.0,11.0,11.0,3.6753041744232178,11.0,2.0100197792053223,11.0,6.265279769897461,11.0,2.3215084075927734,11.0,2.2208714485168457,11.0,2.3061001300811768,11.0,11.0,11.0,-0.39337830005407121
11.0,11.0,11.0,4.016062259674072,11.0,1.9892464876174927,11.0,6.27018928527832,11.0,2.4647481441497803,11.0,2.2239627838134766,11.0,2.2001729011535645,11.0,6.112914085388184,11.0,-0.58919316119001963
11.0,11.0,11.0,4.196361064910889,11.0,2.0046489238739014,11.0,6.25349760055542,11.0,2.736798048019409,11.0,2.2249550819396973,11.0,2.1990489959716797,11.0,5.78990364074707,11.0,-0.74268002397301736
11.0,3.708176374435425,11.0,4.181879997253418,11.0,2.067131757736206,11.0,6.204029560089111,11.0,6.069079875946045,11.0,2.2254528999328613,11.0,2.2905848026275635,11.0,5.676026821136475,11.0,-0.87187340503005939
11.0,3.0617313385009766,11.0,4.0065531730651855,11.0,2.163447380065918,11.0,6.129568576812744,11.0,6.159733295440674,11.0,2.2243213653564453,11.0,2.4841930866241455,11.0,2.2476043701171875,11.0,-0.97549115687058319
11.0,2.644566535949707,11.0,3.7378854751586914,11.0,2.2996935844421387,11.0,2.4697649478912354,11.0,6.246075630187988,11.0,2.2347936630249023,11.0,2.7767651081085205,11.0,2.1273679733276367,11.0,-1.7419393681393969
11.0,2.3310136795043945,11.0,3.464411973953247,11.0,2.4792749881744385,11.0,2.237558126449585,11.0,6.302792549133301,11.0,2.2700071334838867,11.0,3.0289909839630127,11.0,2.3060429096221924,11.0,-1.2906294187383893
11.0,2.2844161987304688,11.0,2.9970650672912598,11.0,2.690019369125366,11.0,2.1021392345428467,11.0,6.313324451446533,11.0,2.345393419265747,11.0,3.0379526615142822,11.0,3.21938419342041,11.0,-1.3596747245447165
11.0,2.4514667987823486,11.0,2.7016804218292236,11.0,2.735720634460449,11.0,2.042304754257202,11.0,6.26609468460083,11.0,2.470503568649292,11.0,2.8470678329467773,11.0,11.0,11.0,-1.3278532557426621
11.0,7.441601276397705,11.0,2.4795045852661133,11.0,2.8071563243865967,11.0,2.040553092956543,11.0,6.168397903442383,11.0,2.6435835361480713,11.0,2.6363301277160645,11.0,11.0,11.0,-1.3683276557267707
11.0,11.0,11.0,2.322458505630493,11.0,2.8494606018066406,11.0,2.0649585723876953,11.0,6.152714252471924,11.0,2.8765246868133545,11.0,2.4772069454193115,11.0,11.0,11.0,-1.2321139979132676
11.0,11.0,11.0,2.2361228466033936,11.0,2.8515143394470215,11.0,2.143491506576538,11.0,6.060756683349609,11.0,6.07369327545166,11.0,2.3684146404266357,11.0,11.0,11.0,-1.0043965835085269
11.0,11.0,11.0,2.236243724822998,11.0,2.791761875152588,11.0,2.278336524963379,11.0,2.417940855026245,11.0,6.1279144287109375,11.0,2.2620182037353516,11.0,11.0,11.0,-1.06598558633597
11.0,11.0,11.0,2.305253267288208,11.0,2.6949563026428223,11.0,2.44454288482666,11.0,2.1995415687561035,11.0,6.163361072540283,11.0,2.244503974914551,11.0,11.0,11.0,-0.91866170402657266
11.0,11.0,11.0,2.492978096008301,11.0,2.6042304039001465,11.0,2.6180553436279297,11.0,2.0972118377685547,11.0,6.1687469482421875,11.0,2.30594539642334,11.0,11.0,11.0,-0.56588322720932194
11.0,11.0,11.0,7.116006374359131,11.0,2.474531412124634,11.0,2.8016717433929443,11.0,2.0528855323791504,11.0,6.157166004180908,11.0,2.4753544330596924,11.0,3.7568516731262207,11.0,-0.40687707405728007
11.0,11.0,11.0,7.4879350662231445,11.0,2.35075306892395,11.0,2.8911170959472656,11.0,2.0642032623291016,11.0,6.10866117477417,11.0,3.0469727516174316,11.0,2.6508102416992188,11.0,-0.2532232742851161
11.0,11.0,11.0,11.0,11.0,2.2691071033477783,11.0,2.890885829925537,11.0,2.122983455657959,11.0,6.01985502243042,11.0,6.0439066886901855,11.0,2.319509744644165,11.0,-0.076151110390415208
11.0,11.0,11.0,11.0,11.0,2.2357776165008545,11.0,2.8716204166412354,11.0,2.208939552307129,11.0,2.5522780418395996,11.0,6.16489839553833,11.0,2.2702367305755615,11.0,0.064441795386469089
11.0,2.2828409671783447,11.0,11.0,11.0,2.2283880710601807,11.0,2.808316469192505,11.0,2.3596510887145996,11.0,2.3254616260528564,11.0,6.323784828186035,11.0,2.4204723834991455,11.0,0.14523792190243265
11.0,2.0744738578796387,11.0,11.0,11.0,2.25030517578125,11.0,2.699209690093994,11.0,2.5292272567749023,11.0,2.1706151962280273,11.0,6.506299018859863,11.0,5.974437236785889,11.0,0.22990817789763043
11.0,2.06809139251709,11.0,7.5946173667907715,11.0,2.306251287460327,11.0,2.570354461669922,11.0,2.6721997261047363,11.0,2.084151268005371,11.0,6.632353782653809,11.0,6.235091209411621,11.0,0.31563011224827603
11.0,2.182830810546875,11.0,2.768843173980713,11.0,2.3852219581604004,11.0,2.435925006866455,11.0,2.780980110168457,11.0,2.0376334190368652,11.0,6.659250736236572,11.0,6.627187252044678,11.0,0.40067650677948269
11.0,2.379798173904419,11.0,2.3489723205566406,11.0,2.503652572631836,11.0,2.315857172012329,11.0,2.8416316509246826,11.0,2.0286624431610107,11.0,6.574728488922119,11.0,11.0,11.0,0.47076202435539066
11.0,2.662982940673828,11.0,2.17533802986145,11.0,2.6475610733032227,11.0,2.231755495071411,11.0,2.831782579421997,11.0,2.0692994594573975,11.0,6.402315616607666,11.0,11.0,11.0,0.54638505784208136
11.0,3.0652570724487305,11.0,2.0914015769958496,11.0,2.722033977508545,11.0,2.1902997493743896,11.0,2.753122329711914,11.0,2.1618106365203857,11.0,6.205634117126465,11.0,11.0,11.0,0.52639775676325118
11.0,3.5970234870910645,11.0,2.09364652633667,11.0,2.6746764183044434,11.0,2.201035261154175,11.0,2.626756191253662,11.0,2.288740396499634,11.0,6.0292840003967285,11.0,11.0,11.0,0.46914716829267955
11.0,11.0,11.0,2.1837902069091797,11.0,2.4904816150665283,11.0,2.248439311981201,11.0,2.481785535812378,11.0,2.425055503845215,11.0,2.4792425632476807,11.0,11.0,11.0,0.35708519424577023
11.0,11.0,11.0,2.3319849967956543,11.0,2.330336809158325,11.0,2.3207316398620605,11.0,2.348841667175293,11.0,2.548525810241699,11.0,2.1881563663482666,11.0,11.0,11.0,0.20743331689951316
11.0,11.0,11.0,2.5270228385925293,11.0,2.2031869888305664,11.0,2.430307388305664,11.0,2.244283676147461,11.0,2.6239476203918457,11.0,2.0701847076416016,11.0,11.0,11.0,0.0022048092987944348
11.0,11.0,11.0,2.7735629081726074,11.0,2.112469434738159,11.0,2.5414061546325684,11.0,2.1925601959228516,11.0,2.6484084129333496,11.0,2.0401861667633057,11.0,7.1222453117370605,11.0,-0.16732032525681198
11.0,11.0,11.0,3.047571897506714,11.0,2.0685014724731445,11.0,2.6095118522644043,11.0,2.169809103012085,11.0,2.6210412979125977,11.0,2.0730485916137695,11.0,6.585456371307373,11.0,-0.33374724012740165
11.0,11.0,11.0,3.3243536949157715,11.0,2.070204257965088,11.0,2.5888071060180664,11.0,2.1817076206207275,11.0,2.5550537109375,11.0,2.166581630706787,11.0,6.223580837249756,11.0,-0.54140413921238995
11.0,11.0,11.0,3.559922456741333,11.0,2.12746000289917,11.0,2.4998087882995605,11.0,2.2279038429260254,11.0,2.471876859664917,11.0,2.342085123062134,11.0,5.9323906898498535,11.0,-0.70681295989186466
11.0,3.634390354156494,11.0,3.6921324729919434,11.0,2.2173869609832764,11.0,2.4010729789733887,11.0,2.299438238143921,11.0,2.3890273571014404,11.0,2.6063411235809326,11.0,2.1556780338287354,11.0,-0.86539757119545746
11.0,3.1906166076660156,11.0,3.704070568084717,11.0,2.3283591270446777,11.0,2.2799644470214844,11.0,2.415208578109741,11.0,2.3098297119140625,11.0,2.9075474739074707,11.0,2.005044460296631,11.0,-0.99068623721577231
11.0,2.8615989685058594,11.0,3.6038825511932373,11.0,2.455575942993164,11.0,2.192018985748291,11.0,2.5417287349700928,11.0,2.2485883235931396,11.0,3.176529884338379,11.0,2.078117609024048,11.0,-1.0079074329408848
11.0,2.644747734069824,11.0,3.427119731903076,11.0,2.592841863632202,11.0,2.124323606491089,11.0,2.6670398712158203,11.0,2.2090647220611572,11.0,3.354050874710083,11.0,2.4584803581237793,11.0,-1.0057253803576265
11.0,2.5152931213378906,11.0,3.232943058013916,11.0,2.729642868041992,11.0,2.0830862522125244,11.0,2.772789716720581,11.0,2.194230318069458,11.0,3.3889849185943604,11.0,3.201465606689453,11.0,-0.97682859223381013
11.0,2.451292037963867,11.0,3.044529676437378,11.0,2.8648324012756348,11.0,2.0849430561065674,11.0,2.7421529293060303,11.0,2.2024049758911133,11.0,3.2655792236328125,11.0,4.295956134796143,11.0,-0.95000891014912592
11.0,2.452294111251831,11.0,2.876396656036377,11.0,2.98781681060791,11.0,2.1274852752685547,11.0,2.6229732036590576,11.0,2.2593722343444824,11.0,3.0206685066223145,11.0,11.0,11.0,-0.93514581798350427
11.0,2.5431714057922363,11.0,2.7314250469207764,11.0,3.086411237716675,11.0,2.2125813961029053,11.0,2.4483802318573,11.0,2.360034465789795,11.0,2.7411420345306396,11.0,11.0,11.0,-0.92893093470854182
11.0,2.7759289741516113,11.0,2.6090261936187744,11.0,3.143963575363159,11.0,2.3378424644470215,11.0,2.29445219039917,11.0,2.4956088066101074,11.0,2.4805984497070312,11.0,11.0,11.0,-0.80406444147545697
11.0,11.0,11.0,2.5146167278289795,11.0,3.1524343490600586,11.0,2.4945106506347656,11.0,2.1728262901306152,11.0,2.6697592735290527,11.0,2.2865734100341797,11.0,11.0,11.0,-0.57253865887297761
11.0,11.0,11.0,2.4526219367980957,11.0,3.0903403759002686,11.0,2.66999888420105,11.0,2.0983529090881348,11.0,2.99837064743042,11.0,2.1991796493530273,11.0,5.019045352935791,11.0,-0.32546419037257446
11.0,11.0,11.0,2.4210777282714844,11.0,2.9857819080352783,11.0,2.8273510932922363,11.0,2.0758209228515625,11.0,6.729292392730713,11.0,2.1893560886383057,11.0,3.926957607269287,11.0,-0.15300834224692114
11.0,11.0,11.0,2.4231975078582764,11.0,2.876018524169922,11.0,2.9531617164611816,11.0,2.0981996059417725,11.0,2.7261946201324463,11.0,2.243014335632324,11.0,3.240222215652466,11.0,0.059677463694995124
11.0,2.7265968322753906,11.0,2.441166400909424,11.0,2.778550148010254,11.0,3.0577595233917236,11.0,2.164583206176758,11.0,2.541473627090454,11.0,2.374319553375244,11.0,2.7328152656555176,11.0,0.24355389034502026
11.0,2.4952850341796875,11.0,2.4693939685821533,11.0,2.686042070388794,11.0,3.138756036758423,11.0,2.265735149383545,11.0,2.3846123218536377,11.0,2.739751100540161,11.0,2.374312162399292,11.0,0.44252752886118313
11.0,2.393056631088257,11.0,2.4805221557617188,11.0,2.6049747467041016,11.0,3.1697940826416016,11.0,2.391219139099121,11.0,2.251955032348633,11.0,6.884020805358887,11.0,2.2236413955688477,11.0,0.6040419983252403
11.0,2.3834164142608643,11.0,2.4681320190429688,11.0,2.5348727703094482,11.0,3.14910626411438,11.0,2.5271596908569336,11.0,2.152351140975952,11.0,7.323403835296631,11.0,2.3085579872131348,11.0,0.81237203329027585
11.0,2.4395816326141357,11.0,2.435011625289917,11.0,2.4782724380493164,11.0,3.0758349895477295,11.0,2.667186737060547,11.0,2.0769851207733154,11.0,11.0,11.0,3.148871898651123,11.0,0.94178955991591251
11.0,2.577014923095703,11.0,2.40958571434021,11.0,2.433694362640381,11.0,2.9681739807128906,11.0,2.794970989227295,11.0,2.034271717071533,11.0,11.0,11.0,7.180975437164307,11.0,1.0432316462339972
11.0,2.8192973136901855,11.0,2.3931703567504883,11.0,2.402249813079834,11.0,2.837899684906006,11.0,2.8961267471313477,11.0,2.0279829502105713,11.0,11.0,11.0,11.0,11.0,0.36822199003394362
11.0,3.0611391067504883,11.0,2.4038078784942627,11.0,2.3814992904663086,11.0,2.7175850868225098,11.0,2.957366466522217,11.0,2.052042245864868,11.0,11.0,11.0,11.0,11.0,0.25448235981699174
11.0,3.2879347801208496,11.0,2.4198882579803467,11.0,2.3744285106658936,11.0,2.6235151290893555,11.0,3.003528118133545,11.0,2.1218793392181396,11.0,11.0,11.0,11.0,11.0,0.17632200338283091
11.0,3.6123480796813965,11.0,2.437573194503784,11.0,2.370924711227417,11.0,2.5707035064697266,11.0,3.049914598464966,11.0,2.235027313232422,11.0,7.480218410491943,11.0,11.0,11.0,0.10080786801826153
11.0,11.0,11.0,2.466465473175049,11.0,2.3717362880706787,11.0,2.48671293258667,11.0,3.132513999938965,11.0,2.4011917114257812,11.0,6.918533802032471,11.0,11.0,11.0,0.15519931517401223
11.0,11.0,11.0,2.516784429550171,11.0,2.3723180294036865,11.0,2.4179320335388184,11.0,3.0633435249328613,11.0,2.648254156112671,11.0,2.2660343647003174,11.0,11.0,11.0,-0.059349259280078996
11.0,11.0,11.0,2.6024014949798584,11.0,2.369699239730835,11.0,2.3738632202148438,11.0,2.9196290969848633,11.0,2.902348518371582,11.0,2.032886505126953,11.0,11.0,11.0,-0.37796333371075136
11.0,11.0,11.0,2.7152886390686035,11.0,2.361541986465454,11.0,2.3635663986206055,11.0,2.7734763622283936,11.0,3.1254050731658936,11.0,2.0448241233825684,11.0,11.0,11.0,-0.61091117031531494
11.0,11.0,11.0,2.8339545726776123,11.0,2.355947732925415,11.0,2.366328001022339,11.0,2.6446099281311035,11.0,3.2629737854003906,11.0,2.224149703979492,11.0,7.0524187088012695,11.0,-0.75944092226342763
11.0,11.0,11.0,2.944831132888794,11.0,2.3641722202301025,11.0,2.3863511085510254,11.0,2.5575051307678223,11.0,3.3020548820495605,11.0,2.4708824157714844,11.0,2.431351900100708,11.0,-0.76867207206412103
11.0,11.0,11.0,3.041055679321289,11.0,2.3773016929626465,11.0,2.408843517303467,11.0,2.490316152572632,11.0,3.323211193084717,11.0,2.7759573459625244,11.0,2.0394363403320312,11.0,-0.85372949880807936
11.0,3.547747850418091,11.0,3.13500714302063,11.0,2.397310972213745,11.0,2.42805552482605,11.0,2.4331283569335938,11.0,3.3050615787506104,11.0,3.223775863647461,11.0,1.9435137510299683,11.0,-1.0120252877212454
11.0,3.2245888710021973,11.0,3.2129478454589844,11.0,2.433079957962036,11.0,2.433964729309082,11.0,2.393721103668213,11.0,3.2042462825775146,11.0,3.828843355178833,11.0,2.076082944869995,11.0,-1.1932172952439866
11.0,2.997837543487549,11.0,3.2541399002075195,11.0,2.4924075603485107,11.0,2.4120359420776367,11.0,2.378610610961914,11.0,3.0471673011779785,11.0,11.0,11.0,2.467679023742676,11.0,-1.3475966351679394
11.0,2.828030586242676,11.0,3.2409310340881348,11.0,2.574674367904663,11.0,2.3710267543792725,11.0,2.3951895236968994,11.0,2.865732431411743,11.0,11.0,11.0,3.065680980682373,11.0,-1.3576806590214736
11.0,2.7282087802886963,11.0,3.175598621368408,11.0,2.6715261936187744,11.0,2.354435682296753,11.0,2.4114267826080322,11.0,2.704943895339966,11.0,11.0,11.0,3.8557870388031006,11.0,-1.3379439381609421
11.0,2.688873529434204,11.0,3.084115505218506,11.0,2.767119884490967,11.0,2.3544445037841797,11.0,2.4218831062316895,11.0,2.57720685005188,11.0,11.0,11.0,11.0,11.0,-1.2585976588196295
11.0,2.7006092071533203,11.0,2.983689308166504,11.0,2.8613619804382324,11.0,2.3741488456726074,11.0,2.4261786937713623,11.0,2.4783644676208496,11.0,11.0,11.0,11.0,11.0,-1.2086422209965999
11.0,2.7541990280151367,11.0,2.890221118927002,11.0,2.948582649230957,11.0,2.4081501960754395,11.0,2.423064947128296,11.0,2.4075164794921875,11.0,4.001051425933838,11.0,11.0,11.0,-1.1780343006250757
11.0,2.8592538833618164,11.0,2.8063933849334717,11.0,3.024254322052002,11.0,2.459986686706543,11.0,2.4063045978546143,11.0,2.3702049255371094,11.0,3.60935640335083,11.0,11.0,11.0,-1.0899459297817826
11.0,3.073667049407959,11.0,2.7380101680755615,11.0,3.0790958404541016,11.0,2.5368661880493164,11.0,2.3745687007904053,11.0,2.364459991455078,11.0,3.227247714996338,11.0,11.0,11.0,-0.98930944289797251
11.0,11.0,11.0,2.6926231384277344,11.0,3.0967459678649902,11.0,2.6386585235595703,11.0,2.3392908573150635,11.0,2.3829634189605713,11.0,2.9085936546325684,11.0,11.0,11.0,-0.78479212906029872
11.0,11.0,11.0,2.6732096672058105,11.0,3.075599193572998,11.0,2.7533297538757324,11.0,2.3331875801086426,11.0,2.40315318107605,11.0,2.6652703285217285,11.0,11.0,11.0,-0.58658987193404988
11.0,11.0,11.0,2.679182767868042,11.0,3.019451141357422,11.0,2.869009017944336,11.0,2.348870277404785,11.0,2.423015594482422,11.0,2.4974184036254883,11.0,11.0,11.0,-0.40196450113617749
11.0,11.0,11.0,2.7036890983581543,11.0,2.952449083328247,11.0,2.9712157249450684,11.0,2.382767677307129,11.0,2.4207544326782227,11.0,2.3881096839904785,11.0,4.306954383850098,11.0,-0.22023295999775996
11.0,3.4417543411254883,11.0,2.7380011081695557,11.0,2.884552240371704,11.0,3.0605902671813965,11.0,2.4316794872283936,11.0,2.3959038257598877,11.0,2.339646816253662,11.0,3.506124973297119,11.0,-0.018662649232110532
11.0,2.9725430011749268,11.0,2.7712979316711426,11.0,2.819791555404663,11.0,3.1284515857696533,11.0,2.498572826385498,11.0,2.365962028503418,11.0,2.3699729442596436,11.0,2.9871208667755127,11.0,0.10021222672237465
11.0,2.7747128009796143,11.0,2.7951629161834717,11.0,2.7626800537109375,11.0,3.1640520095825195,11.0,2.5847439765930176,11.0,2.329193592071533,11.0,2.4843039512634277,11.0,2.6361565589904785,11.0,0.25223316512611682
11.0,2.6571531295776367,11.0,2.8029518127441406,11.0,2.7181968688964844,11.0,3.161949634552002,11.0,2.6863925457000732,11.0,2.2902402877807617,11.0,2.737534761428833,11.0,2.4253735542297363,11.0,0.41508240708258809
11.0,2.5809059143066406,11.0,2.7868599891662598,11.0,2.6842384338378906,11.0,3.1265969276428223,11.0,2.796363353729248,11.0,2.2801833152770996,11.0,11.0,11.0,2.398226261138916,11.0,0.55833281725747175
11.0,2.5606939792633057,11.0,2.751875400543213,11.0,2.6628074645996094,11.0,3.054220199584961,11.0,2.909668445587158,11.0,2.2838733196258545,11.0,11.0,11.0,2.627836227416992,11.0,0.657018143867801
11.0,2.6069495677948,11.0,2.705268383026123,11.0,2.652991771697998,11.0,2.9604129791259766,11.0,3.0023114681243896,11.0,2.31296443939209,11.0,11.0,11.0,8.088197708129883,11.0,0.74970773599720753
11.0,2.7271134853363037,11.0,2.6556355953216553,11.0,2.6509361267089844,11.0,2.8637094497680664,11.0,3.0642764568328857,11.0,2.3610143661499023,11.0,11.0,11.0,11.0,11.0,0.77536951502625062
11.0,2.9414777755737305,11.0,2.6124401092529297,11.0,2.652036666870117,11.0,2.7769155502319336,11.0,3.0920934677124023,11.0,2.428461790084839,11.0,11.0,11.0,11.0,11.0,0.82531986949575376
11.0,11.0,11.0,2.5869712829589844,11.0,2.6508278846740723,11.0,2.705166816711426,11.0,3.0848209857940674,11.0,2.5144431591033936,11.0,2.7685983180999756,11.0,11.0,11.0,0.81426463014220041
11.0,11.0,11.0,2.588407278060913,11.0,2.6447231769561768,11.0,2.652679443359375,11.0,3.0424540042877197,11.0,2.616499185562134,11.0,2.469872236251831,11.0,11.0,11.0,0.77210507138477147
11.0,11.0,11.0,2.6248292922973633,11.0,2.6313748359680176,11.0,2.6183278560638428,11.0,2.9769604206085205,11.0,2.7239508628845215,11.0,2.32585072517395,11.0,11.0,11.0,0.65317047455879085
11.0,11.0,11.0,2.7029011249542236,11.0,2.6109747886657715,11.0,2.6006968021392822,11.0,2.8918046951293945,11.0,2.826512575149536,11.0,2.2624287605285645,11.0,11.0,11.0,0.47381318800556549
11.0,11.0,11.0,2.823500156402588,11.0,2.5879547595977783,11.0,2.5964791774749756,11.0,2.8074145317077637,11.0,2.908684492111206,11.0,2.2716710567474365,11.0,11.0,11.0,0.3264327153992978
11.0,11.0,11.0,2.9997825622558594,11.0,2.568535327911377,11.0,2.6003177165985107,11.0,2.7326018810272217,11.0,2.966768741607666,11.0,2.325822114944458,11.0,11.0,11.0,0.11805834618366937
11.0,11.0,11.0,3.3511691093444824,11.0,2.558670997619629,11.0,2.606055498123169,11.0,2.6737420558929443,11.0,2.992426872253418,11.0,2.4086499214172363,11.0,11.0,11.0,-0.094885209648724531
11.0,11.0,11.0,11.0,11.0,2.5626580715179443,11.0,2.610785484313965,11.0,2.6314609050750732,11.0,2.9910786151885986,11.0,2.5224063396453857,11.0,11.0,11.0,-0.27493874879422031
11.0,11.0,11.0,11.0,11.0,2.584580659866333,11.0,2.610719919204712,11.0,2.6050939559936523,11.0,2.968444347381592,11.0,2.6737518310546875,11.0,2.401308059692383,11.0,-0.46423488434723992
11.0,11.0,11.0,11.0,11.0,2.6243515014648438,11.0,2.60627818107605,11.0,2.594632387161255,11.0,2.9270691871643066,11.0,2.8639135360717773,11.0,2.2234256267547607,11.0,-0.62723722740784804
11.0,11.0,11.0,11.0,11.0,2.681711435317993,11.0,2.5980873107910156,11.0,2.596245288848877,11.0,2.879762649536133,11.0,3.0816307067871094,11.0,2.2604470252990723,11.0,-0.76654255395734205
11.0,11.0,11.0,11.0,11.0,2.756563901901245,11.0,2.5853030681610107,11.0,2.6043901443481445,11.0,2.8230245113372803,11.0,3.3058316707611084,11.0,2.405247926712036,11.0,-0.88970353733984142
11.0,3.1481940746307373,11.0,11.0,11.0,2.8465986251831055,11.0,2.5727734565734863,11.0,2.6143126487731934,11.0,2.7628157138824463,11.0,3.5025901794433594,11.0,2.6657230854034424,11.0,-0.931883792504407
11.0,2.9794890880584717,11.0,11.0,11.0,2.950868606567383,11.0,2.565490961074829,11.0,2.6211745738983154,11.0,2.7048544883728027,11.0,3.632051944732666,11.0,3.055104970932007,11.0,-0.95606232051516349
11.0,2.9195404052734375,11.0,11.0,11.0,3.078789234161377,11.0,2.5693483352661133,11.0,2.6219818592071533,11.0,2.6544103622436523,11.0,3.632232427597046,11.0,3.583263397216797,11.0,-0.95807940444600226
11.0,2.9233415126800537,11.0,3.441607713699341,11.0,3.2354753017425537,11.0,2.589130401611328,11.0,2.61598801612854,11.0,2.616833209991455,11.0,3.508674383163452,11.0,11.0,11.0,-0.94090553130405041
11.0,2.978322982788086,11.0,3.165740728378296,11.0,3.419783115386963,11.0,2.628955364227295,11.0,2.60398006439209,11.0,2.59437894821167,11.0,3.3332293033599854,11.0,11.0,11.0,-0.93376807329864631
11.0,3.0735225677490234,11.0,3.0188488960266113,11.0,3.6551711559295654,11.0,2.6920113563537598,11.0,2.5864129066467285,11.0,2.585371255874634,11.0,3.145541191101074,11.0,11.0,11.0,-0.88034938843085819
11.0,3.194061279296875,11.0,2.9398984909057617,11.0,11.0,11.0,2.78070068359375,11.0,2.568370819091797,11.0,2.585305690765381,11.0,2.964930295944214,11.0,11.0,11.0,-0.67303749915475852
11.0,3.294187545776367,11.0,2.8954391479492188,11.0,11.0,11.0,2.8917510509490967,11.0,2.556053876876831,11.0,2.5884876251220703,11.0,2.811403751373291,11.0,11.0,11.0,-0.50951857626257113
11.0,3.354132890701294,11.0,2.8839454650878906,11.0,3.4434006214141846,11.0,3.017148971557617,11.0,2.5569329261779785,11.0,2.5902180671691895,11.0,2.696084976196289,11.0,11.0,11.0,-0.30621911401335494
11.0,3.350796699523926,11.0,2.897319793701172,11.0,3.2850513458251953,11.0,3.1519317626953125,11.0,2.5744481086730957,11.0,2.587174415588379,11.0,2.620302677154541,11.0,11.0,11.0,-0.1090923846064647
11.0,3.2790770530700684,11.0,2.927438259124756,11.0,3.1581687927246094,11.0,3.3133544921875,11.0,2.60724139213562,11.0,2.5781455039978027,11.0,2.577329397201538,11.0,3.5537798404693604,11.0,0.11651972344238538
11.0,3.1514124870300293,11.0,2.962447166442871,11.0,3.0620341300964355,11.0,3.494126796722412,11.0,2.659045696258545,11.0,2.5642991065979004,11.0,2.5613627433776855,11.0,3.1802279949188232,11.0,0.32767161758978902
11.0,3.005492687225342,11.0,2.9883623123168945,11.0,2.990180730819702,11.0,11.0,11.0,2.729196548461914,11.0,2.5452964305877686,11.0,2.5703365802764893,11.0,2.891043186187744,11.0,0.51219720812507996
11.0,2.877392292022705,11.0,2.9961459636688232,11.0,2.9384841918945312,11.0,11.0,11.0,2.8145675659179688,11.0,2.5269551277160645,11.0,2.6120948791503906,11.0,2.6934804916381836,11.0,0.7154765498124831
11.0,2.795323610305786,11.0,2.9825940132141113,11.0,2.8996992111206055,11.0,3.6046786308288574,11.0,2.9084627628326416,11.0,2.5128607749938965,11.0,2.6933908462524414,11.0,2.6040878295898438,11.0,0.87496016899008955
11.0,2.7815945148468018,11.0,2.947727680206299,11.0,2.872810125350952,11.0,3.409944534301758,11.0,3.010221004486084,11.0,2.5060667991638184,11.0,2.8034136295318604,11.0,2.6117520332336426,11.0,-0.60323636364611877
11.0,2.798495054244995,11.0,2.898468017578125,11.0,2.8585762977600098,11.0,3.2621915340423584,11.0,3.1265435218811035,11.0,2.5091888904571533,11.0,2.9313595294952393,11.0,2.787820339202881,11.0,-0.34889321538425777
11.0,2.817978858947754,11.0,2.9136524200439453,11.0,2.8602640628814697,11.0,3.189541816711426,11.0,3.2781131267547607,11.0,2.5265305042266846,11.0,2.9674084186553955,11.0,11.0,11.0,-0.42854427247283344
11.0,2.8597614765167236,11.0,2.908202886581421,11.0,2.8840126991271973,11.0,3.2054131031036377,11.0,11.0,11.0,2.5728507041931152,11.0,2.8339524269104004,11.0,11.0,11.0,-0.42652092857201507
11.0,2.9503679275512695,11.0,2.8886802196502686,11.0,2.931642532348633,11.0,3.0466434955596924,11.0,11.0,11.0,2.690906524658203,11.0,2.628410577774048,11.0,11.0,11.0,-0.51374920704518656
11.0,3.110790252685547,11.0,2.8563737869262695,11.0,2.9912052154541016,11.0,2.9620895385742188,11.0,11.0,11.0,2.926858425140381,11.0,2.5107619762420654,11.0,11.0,11.0,-0.91397702703584083
11.0,3.3515818119049072,11.0,2.819786548614502,11.0,3.0438919067382812,11.0,2.915820598602295,11.0,11.0,11.0,3.196096897125244,11.0,2.4799773693084717,11.0,11.0,11.0,-1.1754421472558807
11.0,11.0,11.0,2.7961010932922363,11.0,3.073028564453125,11.0,2.910585403442383,11.0,3.698711395263672,11.0,11.0,11.0,2.549624443054199,11.0,2.5463039875030518,11.0,-1.3556545744957806
11.0,3.20935320854187,11.0,2.7779693603515625,11.0,3.091738224029541,11.0,2.929011106491089,11.0,3.4087424278259277,11.0,11.0,11.0,2.6833484172821045,11.0,2.4405250549316406,11.0,-1.3676245605854458
11.0,3.112468719482422,11.0,2.7636818885803223,11.0,3.098480463027954,11.0,2.968430519104004,11.0,3.266801357269287,11.0,11.0,11.0,2.8880093097686768,11.0,2.3968822956085205,11.0,-1.1615289207374686
11.0,3.0774946212768555,11.0,2.753716468811035,11.0,3.088914394378662,11.0,3.0303874015808105,11.0,3.146524429321289,11.0,11.0,11.0,3.258070707321167,11.0,2.3997790813446045,11.0,-1.3276723528288867
11.0,2.993090867996216,11.0,2.7529406547546387,11.0,3.0525588989257812,11.0,3.112614631652832,11.0,3.058605670928955,11.0,11.0,11.0,11.0,11.0,2.479463577270508,11.0,-1.650184324760561
11.0,2.868760347366333,11.0,2.7667179107666016,11.0,2.976534128189087,11.0,3.1907126903533936,11.0,2.9988551139831543,11.0,11.0,11.0,11.0,11.0,2.6907401084899902,11.0,-1.977145203581925
11.0,2.797332286834717,11.0,2.79667592048645,11.0,2.901035785675049,11.0,3.2018611431121826,11.0,2.9742465019226074,11.0,11.0,11.0,11.0,11.0,3.0280117988586426,11.0,-2.1617300769205277
11.0,2.8042705059051514,11.0,2.813431739807129,11.0,2.8519482612609863,11.0,3.1713390350341797,11.0,2.975910186767578,11.0,11.0,11.0,11.0,11.0,11.0,11.0,-1.9818356169498368
11.0,2.8665361404418945,11.0,2.8114724159240723,11.0,2.8258213996887207,11.0,3.1305923461914062,11.0,2.9903483390808105,11.0,3.6307873725891113,11.0,11.0,11.0,11.0,11.0,-1.7987197647932267
11.0,2.9663283824920654,11.0,2.8035888671875,11.0,2.8102986812591553,11.0,3.0976219177246094,11.0,3.01823091506958,11.0,3.3567140102386475,11.0,11.0,11.0,11.0,11.0,-1.6447112137589304
11.0,3.1086714267730713,11.0,2.7977867126464844,11.0,2.798093318939209,11.0,3.068795680999756,11.0,3.0621190071105957,11.0,3.2117042541503906,11.0,11.0,11.0,11.0,11.0,-1.5551231315272478
11.0,3.309380292892456,11.0,2.7964155673980713,11.0,2.795099973678589,11.0,3.0183308124542236,11.0,3.120523452758789,11.0,3.10837459564209,11.0,11.0,11.0,11.0,11.0,-1.6337394760268529
11.0,3.6205203533172607,11.0,2.8027501106262207,11.0,2.8034987449645996,11.0,2.9500045776367188,11.0,3.161653995513916,11.0,3.0198235511779785,11.0,11.0,11.0,11.0,11.0,-1.6624991477150337
11.0,4.159660816192627,11.0,2.821218490600586,11.0,2.825772285461426,11.0,2.883610248565674,11.0,3.1780128479003906,11.0,2.980109214782715,11.0,11.0,11.0,11.0,11.0,-1.4402998594059986
11.0,11.0,11.0,2.862788200378418,11.0,2.8526177406311035,11.0,2.8358535766601562,11.0,3.156062602996826,11.0,2.9786648750305176,11.0,11.0,11.0,11.0,11.0,-1.2634672865407677
11.0,11.0,11.0,2.928475856781006,11.0,2.8606486320495605,11.0,2.8122360706329346,11.0,3.098804473876953,11.0,3.0068697929382324,11.0,3.608327627182007,11.0,11.0,11.0,-0.98687851331319154
11.0,11.0,11.0,3.0210256576538086,11.0,2.858755350112915,11.0,2.8048593997955322,11.0,3.0386319160461426,11.0,3.05000638961792,11.0,3.2231082916259766,11.0,11.0,11.0,-0.74426225985325922
11.0,11.0,11.0,3.1325554847717285,11.0,2.848264217376709,11.0,2.806691884994507,11.0,2.983093738555908,11.0,3.0981831550598145,11.0,3.0730574131011963,11.0,11.0,11.0,-0.57195407439387058
11.0,11.0,11.0,3.2553000450134277,11.0,2.8351337909698486,11.0,2.8144240379333496,11.0,2.921182870864868,11.0,3.149933099746704,11.0,2.9923095703125,11.0,11.0,11.0,-0.38270157819859979
11.0,11.0,11.0,3.3880701065063477,11.0,2.8221518993377686,11.0,2.8347434997558594,11.0,2.8612875938415527,11.0,3.1876299381256104,11.0,2.9758076667785645,11.0,11.0,11.0,-0.21642059096774796
11.0,11.0,11.0,3.5155677795410156,11.0,2.8180885314941406,11.0,2.865349292755127,11.0,2.809048652648926,11.0,3.2066144943237305,11.0,3.0311224460601807,11.0,3.515237808227539,11.0,-0.050553424347001233
11.0,4.371004581451416,11.0,3.6261229515075684,11.0,2.82405424118042,11.0,2.8994805812835693,11.0,2.7734551429748535,11.0,3.1898610591888428,11.0,3.158322334289551,11.0,3.1699981689453125,11.0,0.1198931737263558
11.0,3.679546594619751,11.0,3.707763671875,11.0,2.8451902866363525,11.0,2.9140186309814453,11.0,2.7590808868408203,11.0,3.13661789894104,11.0,3.3500094413757324,11.0,3.0482802391052246,11.0,0.28403322753382637
11.0,3.2377986907958984,11.0,3.7351648807525635,11.0,2.883817434310913,11.0,2.906691789627075,11.0,2.7624638080596924,11.0,3.065526008605957,11.0,3.7155213356018066,11.0,3.0701208114624023,11.0,0.39921055032580138
11.0,2.9028232097625732,11.0,3.6871399879455566,11.0,2.9395337104797363,11.0,2.878814220428467,11.0,2.778668165206909,11.0,2.9839107990264893,11.0,11.0,11.0,3.205191135406494,11.0,0.56217309203030652
11.0,2.6593716144561768,11.0,3.5751214027404785,11.0,3.0084688663482666,11.0,2.841952323913574,11.0,2.8026247024536133,11.0,2.9071903228759766,11.0,11.0,11.0,3.494387626647949,11.0,0.77448434046426617
11.0,2.5037994384765625,11.0,3.404088020324707,11.0,3.089235305786133,11.0,2.8149971961975098,11.0,2.8347666263580322,11.0,2.843099594116211,11.0,11.0,11.0,11.0,11.0,0.92727907227260598
11.0,2.5164833068847656,11.0,3.186758041381836,11.0,3.166236162185669,11.0,2.805353879928589,11.0,2.8575077056884766,11.0,2.7955832481384277,11.0,11.0,11.0,11.0,11.0,0.99016681896773628
11.0,11.0,11.0,2.9669268131256104,11.0,3.2155075073242188,11.0,2.813539981842041,11.0,2.861840009689331,11.0,2.7681093215942383,11.0,11.0,11.0,11.0,11.0,1.0568767859966226
11.0,11.0,11.0,2.775836706161499,11.0,3.228027582168579,11.0,2.836029052734375,11.0,2.848602056503296,11.0,2.7584304809570312,11.0,3.75921893119812,11.0,11.0,11.0,1.0451678682575236
11.0,11.0,11.0,2.6271047592163086,11.0,3.2026026248931885,11.0,2.8741726875305176,11.0,2.8277904987335205,11.0,2.7603180408477783,11.0,3.415517807006836,11.0,11.0,11.0,1.0235145815709106
11.0,11.0,11.0,2.538109540939331,11.0,3.141941785812378,11.0,2.9283647537231445,11.0,2.8052167892456055,11.0,2.7705440521240234,11.0,3.226975917816162,11.0,11.0,11.0,0.89784318150877174
11.0,11.0,11.0,2.5453765392303467,11.0,3.0553338527679443,11.0,2.9910573959350586,11.0,2.7937943935394287,11.0,2.785891056060791,11.0,3.0855305194854736,11.0,11.0,11.0,0.73322569415050243
11.0,11.0,11.0,2.7030749320983887,11.0,2.947209358215332,11.0,3.0588929653167725,11.0,2.7912769317626953,11.0,2.801633596420288,11.0,2.9637045860290527,11.0,11.0,11.0,0.53737338113685318
11.0,11.0,11.0,11.0,11.0,2.8354411125183105,11.0,3.1160967350006104,11.0,2.801600217819214,11.0,2.813936233520508,11.0,2.874028444290161,11.0,11.0,11.0,0.29194992631381933
11.0,11.0,11.0,11.0,11.0,2.729592800140381,11.0,3.1538963317871094,11.0,2.826063632965088,11.0,2.8202223777770996,11.0,2.815530300140381,11.0,11.0,11.0,0.06170619325187069
11.0,11.0,11.0,11.0,11.0,2.640035629272461,11.0,3.1636927127838135,11.0,2.8657712936401367,11.0,2.8221654891967773,11.0,2.786203384399414,11.0,11.0,11.0,-0.15763812177832806
11.0,11.0,11.0,11.0,11.0,2.573737859725952,11.0,3.1482224464416504,11.0,2.921532154083252,11.0,2.822139263153076,11.0,2.7846717834472656,11.0,3.5609397888183594,11.0,-0.31724569224170113
11.0,11.0,11.0,11.0,11.0,2.5371499061584473,11.0,3.1153056621551514,11.0,2.989163398742676,11.0,2.8230340480804443,11.0,2.808596611022949,11.0,3.094607353210449,11.0,-0.50161079870777614
11.0,11.0,11.0,11.0,11.0,2.5381269454956055,11.0,3.062152862548828,11.0,3.065575122833252,11.0,2.825908660888672,11.0,2.8546347618103027,11.0,2.8582937717437744,11.0,-0.63520106118330111
11.0,11.0,11.0,11.0,11.0,2.5812952518463135,11.0,2.9917449951171875,11.0,3.142577648162842,11.0,2.8320350646972656,11.0,2.940567970275879,11.0,2.741135835647583,11.0,-0.70462662381911312
11.0,7.5645880699157715,11.0,11.0,11.0,2.6744656562805176,11.0,2.9047343730926514,11.0,3.2094709873199463,11.0,2.843548536300659,11.0,3.051687717437744,11.0,2.73610782623291,11.0,-0.77948826142990635
11.0,2.8268675804138184,11.0,11.0,11.0,2.877448558807373,11.0,2.812756061553955,11.0,3.24847674369812,11.0,2.864717960357666,11.0,3.1369314193725586,11.0,2.825319528579712,11.0,-0.81268127831095327
11.0,2.7673912048339844,11.0,11.0,11.0,11.0,11.0,2.7252273559570312,11.0,3.259509563446045,11.0,2.8996782302856445,11.0,3.1364362239837646,11.0,3.0709948539733887,11.0,-0.80797928360419047
11.0,2.8698084354400635,11.0,11.0,11.0,11.0,11.0,2.649242401123047,11.0,3.238917112350464,11.0,2.953778028488159,11.0,3.0657706260681152,11.0,11.0,11.0,-0.84096846447212181
11.0,3.0846245288848877,11.0,11.0,11.0,11.0,11.0,2.5926923751831055,11.0,3.180245876312256,11.0,3.025376081466675,11.0,2.970325231552124,11.0,11.0,11.0,-0.87948075789233193
11.0,3.3720269203186035,11.0,2.945317506790161,11.0,11.0,11.0,2.571878433227539,11.0,3.092233180999756,11.0,3.1002297401428223,11.0,2.8969686031341553,11.0,11.0,11.0,-0.77456368002590903
11.0,3.690702199935913,11.0,2.7586920261383057,11.0,11.0,11.0,2.604442596435547,11.0,2.983541250228882,11.0,3.167128562927246,11.0,2.8590447902679443,11.0,11.0,11.0,-0.60345701294866416
11.0,3.9485771656036377,11.0,2.7374677658081055,11.0,11.0,11.0,2.711559772491455,11.0,2.8670685291290283,11.0,3.2166621685028076,11.0,2.8490374088287354,11.0,11.0,11.0,-0.39775618277671498
11.0,4.083676338195801,11.0,2.7893502712249756,11.0,11.0,11.0,2.9504456520080566,11.0,2.7631964683532715,11.0,3.231759548187256,11.0,2.8664774894714355,11.0,11.0,11.0,-0.21851925103671163
11.0,4.06251335144043,11.0,2.8911335468292236,11.0,11.0,11.0,11.0,11.0,2.683864116668701,11.0,3.215106248855591,11.0,2.909590721130371,11.0,11.0,11.0,-0.010864761904879181
11.0,3.8685178756713867,11.0,3.0135529041290283,11.0,11.0,11.0,11.0,11.0,2.623966693878174,11.0,3.176025629043579,11.0,2.9781041145324707,11.0,3.1032519340515137,11.0,0.19782044592127074
11.0,3.5416417121887207,11.0,3.1215665340423584,11.0,2.9726219177246094,11.0,11.0,11.0,2.582735061645508,11.0,3.114945411682129,11.0,3.0843684673309326,11.0,2.9296343326568604,11.0,0.3594191742905562
11.0,3.1802139282226562,11.0,3.188370943069458,11.0,2.8132081031799316,11.0,11.0,11.0,2.581145763397217,11.0,3.03299617767334,11.0,3.226278305053711,11.0,2.8736462593078613,11.0,0.55852898063800971
11.0,2.8467588424682617,11.0,3.208754777908325,11.0,2.7487001419067383,11.0,11.0,11.0,2.625739574432373,11.0,2.9428887367248535,11.0,3.405355930328369,11.0,2.9102847576141357,11.0,0.7520992175273008
11.0,2.6322011947631836,11.0,3.171846628189087,11.0,2.721834897994995,11.0,11.0,11.0,2.7238399982452393,11.0,2.8527283668518066,11.0,3.5965023040771484,11.0,3.054109573364258,11.0,0.90507744131777568
11.0,2.6301236152648926,11.0,3.074629306793213,11.0,2.7276225090026855,11.0,11.0,11.0,2.928967237472534,11.0,2.7664413452148438,11.0,3.7875428199768066,11.0,3.317826271057129,11.0,1.0251122222615816
11.0,6.047271251678467,11.0,2.938992738723755,11.0,2.7524824142456055,11.0,11.0,11.0,11.0,11.0,2.68853759765625,11.0,3.954052448272705,11.0,3.727233409881592,11.0,1.134559995793986
11.0,10.0216703414917,11.0,2.7897448539733887,11.0,2.783674478530884,11.0,11.0,11.0,11.0,11.0,2.6280338764190674,11.0,3.9678151607513428,11.0,11.0,11.0,1.176764938770628
11.0,11.0,11.0,2.6735825538635254,11.0,2.818324327468872,11.0,2.8408234119415283,11.0,11.0,11.0,2.583857536315918,11.0,3.825676918029785,11.0,11.0,11.0,1.168190215760109
11.0,11.0,11.0,2.6272854804992676,11.0,2.835207939147949,11.0,2.727360725402832,11.0,11.0,11.0,2.55859112739563,11.0,3.6388649940490723,11.0,11.0,11.0,1.1005511659878573
11.0,11.0,11.0,2.6971099376678467,11.0,2.8309884071350098,11.0,2.682755708694458,11.0,11.0,11.0,2.567098617553711,11.0,3.420050859451294,11.0,11.0,11.0,1.0082358293311853
11.0,11.0,11.0,6.084437370300293,11.0,2.8024330139160156,11.0,2.6777138710021973,11.0,11.0,11.0,2.6098225116729736,11.0,3.2012429237365723,11.0,11.0,11.0,0.87746371753647423
11.0,11.0,11.0,10.010235786437988,11.0,2.7562029361724854,11.0,2.7009658813476562,11.0,11.0,11.0,2.687274932861328,11.0,3.002819061279297,11.0,11.0,11.0,0.78230844509798569
11.0,11.0,11.0,11.0,11.0,2.699883460998535,11.0,2.7443809509277344,11.0,2.8767528533935547,11.0,2.8030495643615723,11.0,2.8337016105651855,11.0,11.0,11.0,0.50727632128944633
11.0,11.0,11.0,11.0,11.0,2.6403207778930664,11.0,2.7970240116119385,11.0,2.759317398071289,11.0,3.008270263671875,11.0,2.706063747406006,11.0,11.0,11.0,0.2487778958546249
11.0,11.0,11.0,11.0,11.0,2.5996272563934326,11.0,2.840578556060791,11.0,2.698397159576416,11.0,11.0,11.0,2.621429443359375,11.0,11.0,11.0,0.018279007919586001
11.0,11.0,11.0,11.0,11.0,2.601499557495117,11.0,2.8585376739501953,11.0,2.6764557361602783,11.0,11.0,11.0,2.5788612365722656,11.0,3.7756893634796143,11.0,-0.18257552698455215
11.0,11.0,11.0,11.0,11.0,2.6683168411254883,11.0,2.8644556999206543,11.0,2.6841044425964355,11.0,11.0,11.0,2.6136679649353027,11.0,3.242323875427246,11.0,-0.39805657163321156
11.0,11.0,11.0,11.0,11.0,6.003414630889893,11.0,2.8571279048919678,11.0,2.7217278480529785,11.0,11.0,11.0,2.7610106468200684,11.0,2.8733410835266113,11.0,-0.60166950647934303
11.0,11.0,11.0,11.0,11.0,6.2538228034973145,11.0,2.830383062362671,11.0,2.7797906398773193,11.0,11.0,11.0,11.0,11.0,2.63360333442688,11.0,-0.78066043934543095
11.0,11.0,11.0,11.0,11.0,10.01630973815918,11.0,2.7800819873809814,11.0,2.845869779586792,11.0,2.922738552093506,11.0,11.0,11.0,2.5146729946136475,11.0,-0.88899452790316114
11.0,11.0,11.0,11.0,11.0,11.0,11.0,2.7152633666992188,11.0,2.9024479389190674,11.0,2.823976993560791,11.0,11.0,11.0,2.596343994140625,11.0,-0.99714986995384414
11.0,7.322053909301758,11.0,11.0,11.0,11.0,11.0,2.655921459197998,11.0,2.941714286804199,11.0,2.7579877376556396,11.0,11.0,11.0,11.0,11.0,-1.0526361146889238
11.0,6.24940299987793,11.0,11.0,11.0,11.0,11.0,2.619499683380127,11.0,2.9598100185394287,11.0,2.7199106216430664,11.0,11.0,11.0,11.0,11.0,-1.070197248836714
11.0,3.0066347122192383,11.0,11.0,11.0,11.0,11.0,2.620572805404663,11.0,2.9549930095672607,11.0,2.7121100425720215,11.0,11.0,11.0,11.0,11.0,-1.073098487569621
11.0,3.016555070877075,11.0,11.0,11.0,11.0,11.0,2.6970155239105225,11.0,2.920553207397461,11.0,2.7398428916931152,11.0,11.0,11.0,11.0,11.0,-1.1132343647411076
11.0,3.2375102043151855,11.0,11.0,11.0,11.0,11.0,6.123342990875244,11.0,2.8627212047576904,11.0,2.7914021015167236,11.0,11.0,11.0,11.0,11.0,-1.0512743830388114
11.0,3.615941286087036,11.0,6.561782360076904,11.0,11.0,11.0,11.0,11.0,2.783109188079834,11.0,2.8445332050323486,11.0,11.0,11.0,11.0,11.0,-0.94530040470681154
11.0,4.009331703186035,11.0,6.207512855529785,11.0,11.0,11.0,11.0,11.0,2.6956067085266113,11.0,2.8882246017456055,11.0,3.1394848823547363,11.0,11.0,11.0,-0.66481612558557668
11.0,4.237549304962158,11.0,3.0207982063293457,11.0,11.0,11.0,11.0,11.0,2.6318421363830566,11.0,2.9154391288757324,11.0,2.7878971099853516,11.0,11.0,11.0,-0.46212710515795952
11.0,4.281315803527832,11.0,2.94050931930542,11.0,11.0,11.0,11.0,11.0,2.6146159172058105,11.0,2.9164693355560303,11.0,2.7089757919311523,11.0,11.0,11.0,-0.24516486215164457
11.0,4.098641872406006,11.0,2.9700682163238525,11.0,11.0,11.0,11.0,11.0,2.6535282135009766,11.0,2.8982057571411133,11.0,2.7042236328125,11.0,11.0,11.0,-0.016515224066145574
11.0,3.7313482761383057,11.0,3.0375542640686035,11.0,11.0,11.0,11.0,11.0,2.7942583560943604,11.0,2.861353635787964,11.0,2.756446123123169,11.0,11.0,11.0,0.20285579201617218
11.0,3.2908051013946533,11.0,3.096607208251953,11.0,11.0,11.0,11.0,11.0,6.662730693817139,11.0,2.812067985534668,11.0,2.8518176078796387,11.0,11.0,11.0,-1.8965929769843537
11.0,3.4971816539764404,11.0,3.0990560054779053,11.0,6.770803928375244,11.0,11.0,11.0,11.0,11.0,2.7454802989959717,11.0,2.9966375827789307,11.0,2.816772222518921,11.0,-1.2413455853712676
11.0,3.517019510269165,11.0,3.492243766784668,11.0,6.424129009246826,11.0,11.0,11.0,11.0,11.0,2.663485288619995,11.0,3.1582014560699463,11.0,2.7423653602600098,11.0,-1.2761331689600928
11.0,3.36160945892334,11.0,3.8797147274017334,11.0,3.1806912422180176,11.0,11.0,11.0,11.0,11.0,2.580188274383545,11.0,3.2399635314941406,11.0,2.850489616394043,11.0,-1.2941356949983533
11.0,3.163374185562134,11.0,4.253396987915039,11.0,2.973428726196289,11.0,11.0,11.0,11.0,11.0,2.591776132583618,11.0,3.148047924041748,11.0,2.9570164680480957,11.0,-1.5497264832819373
11.0,3.0353803634643555,11.0,4.542123794555664,11.0,3.1053285598754883,11.0,11.0,11.0,11.0,11.0,7.76340913772583,11.0,2.934269428253174,11.0,3.001070499420166,11.0,-1.7782292674181308
11.0,2.9454891681671143,11.0,4.823327541351318,11.0,3.4230003356933594,11.0,11.0,11.0,11.0,11.0,11.0,11.0,2.6355838775634766,11.0,2.8454134464263916,11.0,-1.7577178105232745
11.0,2.8517048358917236,11.0,5.112771034240723,11.0,3.8957197666168213,11.0,6.526827335357666,11.0,11.0,11.0,11.0,11.0,2.5780980587005615,11.0,2.627718448638916,11.0,-1.6544260647616584
11.0,2.760718584060669,11.0,5.161184310913086,11.0,4.564759731292725,11.0,6.3185882568359375,11.0,11.0,11.0,11.0,11.0,2.6358041763305664,11.0,2.5823512077331543,11.0,-1.4731324465171365
11.0,2.690392255783081,11.0,4.857564449310303,11.0,5.3797125816345215,11.0,3.029205083847046,11.0,11.0,11.0,11.0,11.0,7.196229934692383,11.0,2.5516581535339355,11.0,-1.460356540439316
11.0,2.700507402420044,11.0,4.263237476348877,11.0,11.0,11.0,3.139244556427002,11.0,11.0,11.0,11.0,11.0,11.0,11.0,2.5333735942840576,11.0,-1.7242010121647413
11.0,2.7681214809417725,11.0,3.673680543899536,11.0,11.0,11.0,3.4580721855163574,11.0,11.0,11.0,11.0,11.0,11.0,11.0,2.548381805419922,11.0,-1.6137521242507271
11.0,2.934689521789551,11.0,3.271791934967041,11.0,11.0,11.0,3.8500542640686035,11.0,7.867693901062012,11.0,11.0,11.0,11.0,11.0,2.620547294616699,11.0,-1.5000465505370384
11.0,6.377927780151367,11.0,2.954176425933838,11.0,11.0,11.0,4.264676570892334,11.0,6.357388019561768,11.0,11.0,11.0,11.0,11.0,2.7689805030822754,11.0,-1.3974257238261196
11.0,6.332311153411865,11.0,2.7702198028564453,11.0,5.524291038513184,11.0,4.853212833404541,11.0,3.1354637145996094,11.0,11.0,11.0,11.0,11.0,11.0,11.0,-1.3018721604777723
11.0,6.3849968910217285,11.0,2.686811923980713,11.0,4.822628498077393,11.0,5.521331310272217,11.0,3.04170560836792,11.0,11.0,11.0,11.0,11.0,11.0,11.0,-1.2930241386804637
11.0,3.8009984493255615,11.0,2.7253386974334717,11.0,4.146914958953857,11.0,11.0,11.0,3.1795215606689453,11.0,11.0,11.0,11.0,11.0,11.0,11.0,-1.3154698386215731
11.0,2.829988718032837,11.0,6.35231351852417,11.0,3.5547420978546143,11.0,11.0,11.0,3.499264717102051,11.0,11.0,11.0,11.0,11.0,11.0,11.0,-1.309002247684071
11.0,2.7371153831481934,11.0,6.120436191558838,11.0,3.09306001663208,11.0,11.0,11.0,3.914876937866211,11.0,7.8476176261901855,11.0,11.0,11.0,11.0,11.0,-1.2239202307411943
11.0,2.755436658859253,11.0,6.021137714385986,11.0,2.8262991905212402,11.0,11.0,11.0,4.394746780395508,11.0,6.335662364959717,11.0,11.0,11.0,11.0,11.0,-1.1132480925416828
11.0,2.8930885791778564,11.0,6.000527381896973,11.0,2.7098236083984375,11.0,5.0980329513549805,11.0,4.918300151824951,11.0,3.0634355545043945,11.0,11.0,11.0,11.0,11.0,-1.0083086230987737
11.0,3.2025113105773926,11.0,6.043476581573486,11.0,2.6975982189178467,11.0,4.495733261108398,11.0,5.4963459968566895,11.0,3.0454752445220947,11.0,11.0,11.0,11.0,11.0,-0.92020783387924965
11.0,3.9180610179901123,11.0,6.164352893829346,11.0,2.923205852508545,11.0,3.917304039001465,11.0,11.0,11.0,3.219080686569214,11.0,11.0,11.0,11.0,11.0,-0.84221587420974087
11.0,5.232510089874268,11.0,6.192104339599609,11.0,6.04810905456543,11.0,3.4017233848571777,11.0,11.0,11.0,3.581244468688965,11.0,11.0,11.0,11.0,11.0,-0.74017456387199132
11.0,11.0,11.0,3.2583792209625244,11.0,5.868460655212402,11.0,2.991009473800659,11.0,11.0,11.0,4.074848651885986,11.0,6.426105499267578,11.0,11.0,11.0,-0.65167676232135918
9.763534545898438,11.0,11.0,2.814927101135254,11.0,5.787019729614258,11.0,2.7613024711608887,11.0,11.0,11.0,4.6952900886535645,11.0,3.113535165786743,11.0,11.0,11.0,-0.49950474531921146
8.857812881469727,11.0,11.0,2.7641830444335938,11.0,5.748011589050293,11.0,2.6704111099243164,11.0,5.117885112762451,11.0,5.436397075653076,11.0,3.042602300643921,11.0,11.0,11.0,-0.34344869459631289
8.714640617370605,11.0,11.0,2.8238136768341064,11.0,5.750179767608643,11.0,2.7343339920043945,11.0,4.443602561950684,11.0,11.0,11.0,3.21179461479187,11.0,11.0,11.0,-0.14966800413533252
8.657679557800293,11.0,11.0,2.9708688259124756,11.0,5.787872791290283,11.0,6.127840995788574,11.0,3.8311190605163574,11.0,11.0,11.0,3.589796781539917,11.0,7.769567012786865,11.0,0.029258669477993667
8.634381294250488,11.0,11.0,3.2214577198028564,11.0,5.876540184020996,11.0,5.88447904586792,11.0,3.3327794075012207,11.0,11.0,11.0,4.14155387878418,11.0,6.364218235015869,11.0,0.24356961901382443
8.884170532226562,11.0,11.0,3.6238369941711426,11.0,6.051403999328613,11.0,5.762619495391846,11.0,2.9507453441619873,11.0,11.0,11.0,4.936252117156982,11.0,3.0697386264801025,11.0,0.46029266213845915
9.703536987304688,11.0,11.0,4.02193021774292,11.0,6.373741626739502,11.0,5.705870628356934,11.0,2.733675718307495,11.0,11.0,11.0,11.0,11.0,3.13247013092041,11.0,0.67787871226876573
11.0,3.664724349975586,11.0,4.258101463317871,11.0,3.6052985191345215,11.0,5.681778430938721,11.0,2.6352572441101074,11.0,11.0,11.0,11.0,11.0,3.5166842937469482,11.0,0.94090225051324927
11.0,2.748790740966797,11.0,4.2545928955078125,11.0,2.8367135524749756,11.0,5.676296710968018,11.0,2.6426258087158203,11.0,5.336562633514404,11.0,11.0,11.0,4.280831813812256,11.0,1.1413513391731991
11.0,2.764436721801758,11.0,3.867058515548706,11.0,2.754631757736206,11.0,5.689597129821777,11.0,2.8345625400543213,11.0,4.673614025115967,11.0,11.0,11.0,11.0,11.0,1.2727109985981884
11.0,4.7580246925354,11.0,3.3018417358398438,11.0,2.7499938011169434,11.0,5.74028205871582,11.0,6.004981517791748,11.0,4.107901096343994,11.0,11.0,11.0,11.0,11.0,1.3923625266197883
11.0,5.433885097503662,11.0,2.926422119140625,11.0,2.7780826091766357,11.0,5.847644805908203,11.0,5.868162631988525,11.0,3.6420040130615234,11.0,11.0,11.0,11.0,11.0,1.4295942075067223
11.0,5.355130672454834,11.0,2.7270398139953613,11.0,2.8224222660064697,11.0,6.052734851837158,11.0,5.793038845062256,11.0,3.2669456005096436,11.0,11.0,11.0,11.0,11.0,1.4687187766752485
11.0,8.871747970581055,11.0,2.706907272338867,11.0,2.870196580886841,11.0,5.470198631286621,11.0,5.7633795738220215,11.0,2.95676326751709,11.0,11.0,11.0,11.0,11.0,-0.34176099056316328
11.0,8.843886375427246,11.0,3.402830123901367,11.0,2.8903064727783203,11.0,2.8843860626220703,11.0,5.760061740875244,11.0,2.7571170330047607,11.0,11.0,11.0,11.0,11.0,-0.35250231186607456
11.0,8.84730339050293,11.0,3.5677433013916016,11.0,2.815610885620117,11.0,2.7624075412750244,11.0,5.754577159881592,11.0,2.6451237201690674,11.0,11.0,11.0,11.0,11.0,-0.57097650159211533
11.0,8.877419471740723,11.0,3.6466197967529297,11.0,3.0029287338256836,11.0,2.8028767108917236,11.0,5.763871669769287,11.0,2.6184821128845215,11.0,11.0,11.0,11.0,11.0,-0.50747876642546741
11.0,8.900242805480957,11.0,3.7553529739379883,11.0,3.3098409175872803,11.0,2.7497315406799316,11.0,5.704391956329346,11.0,2.792816162109375,11.0,11.0,11.0,11.0,11.0,-0.78040161598299373
11.0,6.348382472991943,11.0,4.3375444412231445,11.0,3.6895837783813477,11.0,2.899789810180664,11.0,5.776750087738037,11.0,5.776821613311768,11.0,3.744248628616333,11.0,11.0,11.0,-1.2846796309783233
11.0,5.633586406707764,11.0,5.08610725402832,11.0,3.779370069503784,11.0,3.338472366333008,11.0,6.0934271812438965,11.0,5.853621006011963,11.0,2.686088800430298,11.0,11.0,11.0,-1.6297957720340899
11.0,5.21612548828125,11.0,5.237750053405762,11.0,3.699841022491455,11.0,4.076915264129639,11.0,4.010201930999756,11.0,6.819524765014648,11.0,5.927469730377197,11.0,4.3697404861450195,11.0,-2.0900267151870544
11.0,5.599771022796631,11.0,5.137503147125244,11.0,3.5003230571746826,11.0,4.662918567657471,11.0,2.916098117828369,11.0,9.640331268310547,11.0,6.046077728271484,11.0,2.917161464691162,11.0,-2.3030465312820185
11.0,4.698031902313232,11.0,4.844039440155029,11.0,3.202981948852539,11.0,5.098047256469727,11.0,2.869765281677246,11.0,9.631412506103516,11.0,9.617839813232422,11.0,2.5312929153442383,11.0,-2.1247016467411082
11.0,3.298295497894287,11.0,4.416004180908203,11.0,3.0364136695861816,11.0,5.336924076080322,11.0,2.893433094024658,11.0,9.63720417022705,11.0,9.71711254119873,11.0,5.729518413543701,11.0,-1.75039253263974
11.0,2.811400890350342,11.0,4.1962385177612305,11.0,2.9256129264831543,11.0,5.729891300201416,11.0,2.991152286529541,11.0,9.664397239685059,11.0,11.0,11.0,9.539960861206055,11.0,-1.6882952862136316
11.0,2.778768301010132,11.0,4.390868663787842,11.0,2.7952332496643066,11.0,11.0,11.0,3.2270026206970215,11.0,7.066246509552002,11.0,11.0,11.0,9.801054000854492,11.0,-2.2848672655789852
11.0,3.256037712097168,11.0,4.711154937744141,11.0,2.708740711212158,11.0,5.987946033477783,11.0,3.7789127826690674,11.0,6.053478717803955,11.0,11.0,11.0,11.0,11.0,-3.0534236053796944
8.167641639709473,11.0,11.0,4.241586208343506,11.0,2.9398581981658936,11.0,4.632424354553223,11.0,4.415641784667969,11.0,5.947567462921143,11.0,11.0,11.0,11.0,11.0,-3.3811790971127857
8.193347930908203,11.0,11.0,3.135331153869629,11.0,3.820711612701416,11.0,3.4006636142730713,11.0,4.642907619476318,11.0,6.3123908042907715,11.0,11.0,11.0,11.0,11.0,-3.0549029477363341
5.0583367347717285,11.0,11.0,2.812472343444824,11.0,3.9316954612731934,11.0,2.948521614074707,11.0,4.198837757110596,11.0,2.980658531188965,11.0,11.0,11.0,11.0,11.0,-2.3007413716277441
4.719182014465332,11.0,11.0,3.3171579837799072,11.0,3.4691519737243652,11.0,2.831265926361084,11.0,3.7697787284851074,11.0,2.895298480987549,11.0,9.838006973266602,11.0,11.0,11.0,-1.7530781893135687
4.752518177032471,11.0,11.0,5.097754955291748,11.0,3.1315715312957764,11.0,2.80314040184021,11.0,3.674379348754883,11.0,2.8828518390655518,11.0,9.772191047668457,11.0,11.0,11.0,-1.461511500702207
4.756759166717529,11.0,11.0,11.0,11.0,3.1563265323638916,11.0,2.781829833984375,11.0,3.8139097690582275,11.0,2.920450210571289,11.0,9.737146377563477,11.0,11.0,11.0,-0.87934055097263908
4.66159725189209,11.0,11.0,11.0,11.0,3.3231096267700195,11.0,2.7728710174560547,11.0,3.8564751148223877,11.0,3.0839450359344482,11.0,9.68708610534668,11.0,1.5540324449539185,11.0,-0.92632900995335221
4.608616352081299,11.0,11.0,11.0,11.0,3.3831875324249268,11.0,2.892859935760498,11.0,3.9568324089050293,11.0,3.391211986541748,11.0,6.56738805770874,11.0,11.0,11.0,-1.206862417201318
4.595928192138672,11.0,11.0,11.0,11.0,3.527959108352661,11.0,3.617234706878662,11.0,3.540637254714966,11.0,4.170216083526611,11.0,6.127779006958008,11.0,11.0,11.0,-1.5194140511801433
4.575862884521484,11.0,11.0,11.0,11.0,3.489619731903076,11.0,6.337218284606934,11.0,3.073399543762207,11.0,5.515097618103027,11.0,2.973912239074707,11.0,11.0,11.0,-1.5334325627853158
4.554666519165039,11.0,11.0,11.0,11.0,3.076383352279663,11.0,5.8153300285339355,11.0,2.76252818107605,11.0,11.0,11.0,4.006348133087158,11.0,6.465216159820557,11.0,-1.1780426786725509
4.533230304718018,11.0,11.0,11.0,11.0,2.8274052143096924,11.0,5.678531169891357,11.0,2.7198617458343506,11.0,11.0,11.0,11.0,11.0,6.480533123016357,11.0,-1.0232380645345154
4.632224082946777,11.0,11.0,11.0,11.0,3.003260612487793,11.0,5.7766852378845215,11.0,3.4214584827423096,11.0,5.075253009796143,11.0,11.0,11.0,3.0538558959960938,11.0,-1.0378678003578983
4.988424777984619,11.0,11.0,11.0,11.0,4.037558078765869,11.0,6.163834095001221,11.0,5.515274524688721,11.0,3.934730052947998,11.0,11.0,11.0,3.2296435832977295,11.0,-0.4113498235839893
7.978825092315674,11.0,11.0,11.0,11.0,11.0,11.0,4.859828948974609,11.0,6.22263765335083,11.0,3.3024630546569824,11.0,11.0,11.0,3.438089609146118,11.0,0.021766997155905764
7.7192182540893555,11.0,11.0,11.0,11.0,11.0,11.0,3.535839796066284,11.0,6.044949054718018,11.0,2.9762802124023438,11.0,11.0,11.0,3.7585549354553223,11.0,0.3257424035464353
7.676634788513184,11.0,11.0,11.0,11.0,11.0,11.0,2.867959499359131,11.0,5.998605251312256,11.0,2.7926228046417236,11.0,11.0,11.0,4.4186248779296875,11.0,0.58854839170850159
11.0,2.4364044666290283,11.0,11.0,11.0,11.0,11.0,2.8541414737701416,11.0,6.034457206726074,11.0,2.738615036010742,11.0,11.0,11.0,11.0,11.0,0.77834776217304169
11.0,3.0073280334472656,11.0,11.0,11.0,11.0,11.0,3.039931297302246,11.0,6.156705856323242,11.0,2.7476446628570557,11.0,11.0,11.0,11.0,11.0,1.0065209654954743
11.0,4.8804144859313965,11.0,11.0,11.0,11.0,11.0,3.5231170654296875,11.0,5.546326160430908,11.0,2.7556371688842773,11.0,11.0,11.0,11.0,11.0,1.0946985224813854
11.0,4.716637134552002,11.0,2.8504137992858887,11.0,11.0,11.0,4.705160617828369,11.0,3.580723762512207,11.0,2.7503199577331543,11.0,11.0,11.0,11.0,11.0,1.1845975070410921
11.0,4.843278408050537,11.0,2.5099895000457764,11.0,11.0,11.0,11.0,11.0,2.7963621616363525,11.0,2.738239288330078,11.0,11.0,11.0,11.0,11.0,1.2245705965720253
11.0,8.156991958618164,11.0,3.2330758571624756,11.0,11.0,11.0,11.0,11.0,2.7298455238342285,11.0,2.735309600830078,11.0,11.0,11.0,11.0,11.0,1.1165301162798968
11.0,7.954016208648682,11.0,4.654455184936523,11.0,11.0,11.0,11.0,11.0,2.8205559253692627,11.0,2.7381186485290527,11.0,11.0,11.0,11.0,11.0,0.71813733080044528
11.0,7.911464691162109,11.0,5.175828456878662,11.0,5.322048664093018,11.0,11.0,11.0,3.05898118019104,11.0,2.742180824279785,11.0,5.265378952026367,11.0,11.0,11.0,0.25534242276347952
11.0,7.9555745124816895,11.0,4.754649639129639,11.0,2.7087347507476807,11.0,11.0,11.0,3.6317451000213623,11.0,2.739987850189209,11.0,4.186895370483398,11.0,11.0,11.0,0.057258198222449055
11.0,8.080485343933105,11.0,4.64854097366333,11.0,2.4967596530914307,11.0,11.0,11.0,4.632847785949707,11.0,2.7350943088531494,11.0,3.503762722015381,11.0,11.0,11.0,-0.016950770783931254
11.0,5.734776496887207,11.0,4.651516437530518,11.0,2.519044876098633,11.0,11.0,11.0,5.958503723144531,11.0,2.7474160194396973,11.0,3.0844473838806152,11.0,11.0,11.0,-0.19879753014852553
11.0,4.998959064483643,11.0,4.687784671783447,11.0,2.7411537170410156,11.0,11.0,11.0,11.0,11.0,2.7661333084106445,11.0,2.840061664581299,11.0,11.0,11.0,-0.36327023393562835
11.0,4.659061908721924,11.0,4.694957733154297,11.0,3.152087688446045,11.0,11.0,11.0,11.0,11.0,2.7988057136535645,11.0,2.763657331466675,11.0,11.0,11.0,-0.48946215113349334
11.0,5.085605621337891,11.0,4.663611888885498,11.0,3.687572479248047,11.0,11.0,11.0,11.0,11.0,2.8842456340789795,11.0,3.2441134452819824,11.0,3.7747602462768555,11.0,-0.6316365247849689
11.0,4.9050421714782715,11.0,4.649143695831299,11.0,4.397877216339111,11.0,11.0,11.0,11.0,11.0,3.0516018867492676,11.0,4.940347671508789,11.0,2.794722080230713,11.0,-0.71923288710943611
11.0,3.736116647720337,11.0,4.707986354827881,11.0,5.349053382873535,11.0,3.439117431640625,11.0,11.0,11.0,3.4150047302246094,11.0,5.556562900543213,11.0,2.784489154815674,11.0,-0.64495695867027492
11.0,3.134593963623047,11.0,4.906300067901611,11.0,5.4928388595581055,11.0,2.710723876953125,11.0,11.0,11.0,4.346822738647461,11.0,4.8810224533081055,11.0,6.178439617156982,11.0,-0.69594025987692287
8.097082138061523,2.841352939605713,11.0,5.3126959800720215,11.0,5.234898090362549,11.0,2.531782865524292,11.0,11.0,11.0,11.0,11.0,3.7612719535827637,11.0,5.776609420776367,11.0,-0.7851084134724009
7.146165370941162,3.0619900226593018,11.0,5.2718963623046875,11.0,5.072861194610596,11.0,2.550577163696289,11.0,11.0,11.0,11.0,11.0,2.938725709915161,11.0,5.641091823577881,11.0,-0.7539191935056152
7.13566255569458,11.0,11.0,4.237430572509766,11.0,5.009402275085449,11.0,2.9193637371063232,11.0,11.0,11.0,11.0,11.0,2.7901761531829834,11.0,5.60260534286499,11.0,-0.63123654731702006
7.189191818237305,11.0,11.0,3.551560163497925,11.0,5.030736446380615,11.0,3.577211380004883,11.0,11.0,11.0,11.0,11.0,2.8180034160614014,11.0,5.601009845733643,11.0,-0.45852532713296934
7.239713191986084,11.0,11.0,3.114830493927002,11.0,5.141372203826904,11.0,4.416850566864014,11.0,4.810251712799072,11.0,11.0,11.0,3.0235252380371094,11.0,5.6387858390808105,11.0,-0.29655716268282012
7.250306129455566,11.0,11.0,2.8475775718688965,11.0,5.379115581512451,11.0,5.443763732910156,11.0,2.9571714401245117,11.0,11.0,11.0,3.5603270530700684,11.0,5.7827277183532715,11.0,-0.097928670478595367
7.203204154968262,11.0,11.0,2.8093855381011963,11.0,5.8553080558776855,11.0,5.552481174468994,11.0,2.6140732765197754,11.0,11.0,11.0,4.785014629364014,11.0,6.1234235763549805,11.0,0.15467839757930946
7.0876922607421875,11.0,11.0,2.939237594604492,11.0,4.992381572723389,11.0,5.295210361480713,11.0,2.52299165725708,11.0,11.0,11.0,11.0,11.0,4.006541728973389,11.0,0.34569709060845999
6.945890426635742,11.0,11.0,3.2105085849761963,11.0,4.335748195648193,11.0,5.175450801849365,11.0,2.663177490234375,11.0,11.0,11.0,11.0,11.0,2.809434413909912,11.0,0.54612052118171617
6.8332133293151855,2.872664213180542,11.0,11.0,11.0,3.861422538757324,11.0,5.133639812469482,11.0,3.131387233734131,11.0,11.0,11.0,11.0,11.0,2.936981678009033,11.0,0.76638778966847831
6.891067028045654,2.8159656524658203,11.0,11.0,11.0,3.4976131916046143,11.0,5.14859676361084,11.0,3.73696231842041,11.0,11.0,11.0,11.0,11.0,4.013126373291016,11.0,0.95106626178434706
8.058795928955078,3.2397122383117676,11.0,3.0934133529663086,11.0,3.2156124114990234,11.0,5.251107692718506,11.0,4.509280204772949,11.0,5.78715705871582,11.0,11.0,11.0,11.0,11.0,1.1118450513668185
11.0,3.991114616394043,11.0,2.852602481842041,11.0,3.007930278778076,11.0,5.493234157562256,11.0,5.385214805603027,11.0,3.543424129486084,11.0,11.0,11.0,11.0,11.0,0.62052202331239226
11.0,4.949302673339844,11.0,2.7744619846343994,11.0,2.8660264015197754,11.0,5.637326240539551,11.0,5.6821393966674805,11.0,2.808612823486328,11.0,11.0,11.0,11.0,11.0,0.49022689776560069
11.0,4.889078140258789,11.0,2.8220033645629883,11.0,2.799224853515625,11.0,4.910929203033447,11.0,5.4519548416137695,11.0,2.568213701248169,11.0,11.0,11.0,11.0,11.0,0.42225323247322161
11.0,4.363029956817627,11.0,2.9160327911376953,11.0,2.759970188140869,11.0,4.457824230194092,11.0,5.289766311645508,11.0,2.4866411685943604,11.0,11.0,11.0,11.0,11.0,0.33486718336072824
11.0,4.181818008422852,11.0,3.058845281600952,11.0,2.7945892810821533,11.0,3.846005439758301,11.0,5.1296916007995605,11.0,2.6852099895477295,11.0,11.0,11.0,11.0,11.0,0.37601902095559042
11.0,4.263832092285156,11.0,3.2697556018829346,11.0,2.8685522079467773,11.0,3.337371826171875,11.0,5.1561503410339355,11.0,3.5223336219787598,11.0,11.0,11.0,11.0,11.0,0.35128994334969338
11.0,4.6133599281311035,11.0,3.6172666549682617,11.0,2.923560857772827,11.0,2.970834732055664,11.0,5.343236923217773,11.0,4.624952793121338,11.0,11.0,11.0,11.0,11.0,0.23452120257579803
11.0,4.944878101348877,11.0,4.134861469268799,11.0,2.88700270652771,11.0,2.7662410736083984,11.0,5.812397003173828,11.0,5.750126838684082,11.0,3.5453124046325684,11.0,11.0,11.0,-0.074790335536187413
11.0,5.116035461425781,11.0,4.8823771476745605,11.0,2.7886197566986084,11.0,2.769590377807617,11.0,4.854206085205078,11.0,5.350451469421387,11.0,2.5775504112243652,11.0,11.0,11.0,-0.26819616567851262
11.0,5.105969429016113,11.0,5.184834957122803,11.0,2.7349202632904053,11.0,2.862333297729492,11.0,4.087575435638428,11.0,5.222448348999023,11.0,2.5410642623901367,11.0,11.0,11.0,-0.39785196326390909
11.0,4.958810806274414,11.0,4.60060453414917,11.0,2.7780117988586426,11.0,2.9753129482269287,11.0,3.5833652019500732,11.0,5.184784412384033,11.0,3.1735005378723145,11.0,11.0,11.0,-0.50968935646205715
11.0,4.718567371368408,11.0,4.336710453033447,11.0,2.9135425090789795,11.0,3.1782190799713135,11.0,3.2247581481933594,11.0,5.199092864990234,11.0,4.480973720550537,11.0,11.0,11.0,-0.61875047593918386
11.0,4.424045085906982,11.0,4.216957092285156,11.0,3.104592800140381,11.0,11.0,11.0,2.917309284210205,11.0,5.256903171539307,11.0,5.544979095458984,11.0,3.425366163253784,11.0,-0.77206854231623812
11.0,4.164845943450928,11.0,4.175573825836182,11.0,3.361279249191284,11.0,11.0,11.0,2.7721199989318848,11.0,5.432132244110107,11.0,5.053394794464111,11.0,2.482436180114746,11.0,-0.95853862599172013
11.0,4.318645000457764,11.0,4.161972999572754,11.0,3.711761713027954,11.0,3.253486156463623,11.0,2.8111979961395264,11.0,5.841020584106445,11.0,4.9128098487854,11.0,2.9007911682128906,11.0,-1.0956137126094829
11.0,5.421983242034912,11.0,4.1673197746276855,11.0,4.163515567779541,11.0,2.9220991134643555,11.0,2.9650137424468994,11.0,5.0561299324035645,11.0,4.939591884613037,11.0,5.878951549530029,11.0,-1.1351981454140463
11.0,4.606461048126221,11.0,4.196903228759766,11.0,4.706965923309326,11.0,2.7674643993377686,11.0,3.241295576095581,11.0,4.202480316162109,11.0,4.996634006500244,11.0,5.0637664794921875,11.0,-1.1966367559597213
7.768946170806885,3.9437601566314697,11.0,4.274892330169678,11.0,5.317309856414795,11.0,2.742532730102539,11.0,11.0,11.0,3.5901613235473633,11.0,4.991669178009033,11.0,4.898425102233887,11.0,-1.2135408051467838
6.576702117919922,3.5193114280700684,11.0,4.472351551055908,11.0,5.0863447189331055,11.0,2.858241558074951,11.0,11.0,11.0,3.152756690979004,11.0,4.947436809539795,11.0,5.368579387664795,11.0,-1.1865616340076615
6.23049259185791,3.2543489933013916,11.0,4.949954509735107,11.0,4.728178024291992,11.0,3.0997958183288574,11.0,11.0,11.0,2.8425450325012207,11.0,4.918911457061768,11.0,6.310232639312744,11.0,-1.1425569679937269
6.302259922027588,3.2172722816467285,11.0,5.221662521362305,11.0,4.564220905303955,11.0,3.415466070175171,11.0,11.0,11.0,2.769467353820801,11.0,4.986236572265625,11.0,8.4331636428833,11.0,-1.083802274425067
6.453887939453125,11.0,11.0,4.573207378387451,11.0,4.489254474639893,11.0,3.8270344734191895,11.0,3.070502281188965,11.0,2.844869613647461,11.0,5.243885517120361,11.0,8.393664360046387,11.0,-0.9920775988240903
6.643562316894531,11.0,11.0,4.0846381187438965,11.0,4.4743170738220215,11.0,4.3695807456970215,11.0,2.822141170501709,11.0,3.0344555377960205,11.0,5.91011905670166,11.0,8.406737327575684,11.0,-0.78429964214431425
6.798990726470947,11.0,11.0,3.7168757915496826,11.0,4.52251672744751,11.0,5.050251007080078,11.0,2.7259521484375,11.0,3.485959529876709,11.0,4.424683094024658,11.0,8.474020957946777,11.0,-0.62590051536314273
11.0,11.0,11.0,3.4630377292633057,11.0,4.679837703704834,11.0,5.336713790893555,11.0,2.780585765838623,11.0,11.0,11.0,3.4869306087493896,11.0,6.005748748779297,11.0,-0.46466803497945375
11.0,11.0,11.0,3.287829875946045,11.0,4.9791388511657715,11.0,4.863067150115967,11.0,3.001035213470459,11.0,11.0,11.0,2.925628900527954,11.0,5.196533203125,11.0,-0.26853495863914689
6.760047912597656,11.0,11.0,3.181481122970581,11.0,5.630045413970947,11.0,4.6106977462768555,11.0,3.293276786804199,11.0,11.0,11.0,2.7518556118011475,11.0,4.960784912109375,11.0,-0.078851165386126826
6.503915309906006,11.0,11.0,3.1665053367614746,11.0,5.017153263092041,11.0,4.479809284210205,11.0,3.684208393096924,11.0,11.0,11.0,2.9146389961242676,11.0,5.3538079261779785,11.0,0.096275187982429455
6.236205577850342,3.455673933029175,11.0,3.212094783782959,11.0,4.565502166748047,11.0,4.422573089599609,11.0,4.187440872192383,11.0,3.005605459213257,11.0,11.0,11.0,4.676183223724365,11.0,0.27704668577597014
5.9929118156433105,3.161510944366455,11.0,3.2508437633514404,11.0,4.197733402252197,11.0,4.418134689331055,11.0,4.796535015106201,11.0,2.7865867614746094,11.0,11.0,11.0,3.154120445251465,11.0,0.43990995468861632
5.8295769691467285,3.3493504524230957,11.0,3.222175121307373,11.0,3.9002678394317627,11.0,4.471815586090088,11.0,5.695205211639404,11.0,2.6828596591949463,11.0,11.0,11.0,2.8148903846740723,11.0,0.62470620456465398
5.922794342041016,3.68281888961792,11.0,3.170790672302246,11.0,3.666609048843384,11.0,4.61053991317749,11.0,5.006411552429199,11.0,2.689087152481079,11.0,11.0,11.0,5.251838684082031,11.0,0.7544693799851756
6.944077014923096,4.2292704582214355,11.0,3.1606812477111816,11.0,3.4873547554016113,11.0,4.919492721557617,11.0,4.732719421386719,11.0,2.834505558013916,11.0,11.0,11.0,11.0,11.0,0.86544214343058457
11.0,5.1264424324035645,11.0,3.2403173446655273,11.0,3.360105037689209,11.0,5.5914626121521,11.0,4.60348653793335,11.0,3.0812184810638428,11.0,11.0,11.0,11.0,11.0,0.91427202076328318
11.0,3.8360636234283447,11.0,3.38142466545105,11.0,3.273693561553955,11.0,4.901206016540527,11.0,4.557741641998291,11.0,3.3992371559143066,11.0,11.0,11.0,11.0,11.0,0.96919309009988752
11.0,3.768772840499878,11.0,3.590772867202759,11.0,3.222929000854492,11.0,4.398245334625244,11.0,4.569756984710693,11.0,3.797518253326416,11.0,11.0,11.0,11.0,11.0,0.97048231059566137
11.0,4.152341365814209,11.0,3.8999459743499756,11.0,3.1992404460906982,11.0,4.006922721862793,11.0,4.6567606925964355,11.0,4.299697399139404,11.0,11.0,11.0,11.0,11.0,0.9079873088279089
11.0,4.715006351470947,11.0,4.357847213745117,11.0,3.204552173614502,11.0,3.70474910736084,11.0,4.834025859832764,11.0,4.8826212882995605,11.0,11.0,11.0,11.0,11.0,0.8249064334840247
11.0,6.732386112213135,11.0,5.01670503616333,11.0,3.2401528358459473,11.0,3.4833614826202393,11.0,5.233652591705322,11.0,5.589770793914795,11.0,2.9750514030456543,11.0,11.0,11.0,0.7121042266741775
11.0,6.493048667907715,11.0,4.247485160827637,11.0,3.306213855743408,11.0,3.3250091075897217,11.0,5.2827534675598145,11.0,5.216212749481201,11.0,2.6644396781921387,11.0,11.0,11.0,0.51770395298082605
11.0,6.378297805786133,11.0,3.7984514236450195,11.0,3.4130444526672363,11.0,3.2155888080596924,11.0,4.730404376983643,11.0,4.985997676849365,11.0,2.763824462890625,11.0,11.0,11.0,0.26501181527578138
11.0,6.358983516693115,11.0,3.776984214782715,11.0,3.5764167308807373,11.0,3.1494967937469482,11.0,4.276144981384277,11.0,4.889517307281494,11.0,3.142061948776245,11.0,11.0,11.0,0.058845779887002798
11.0,6.426908016204834,11.0,3.9792768955230713,11.0,3.8026695251464844,11.0,3.125757932662964,11.0,3.9259305000305176,11.0,4.911283016204834,11.0,3.66381573677063,11.0,11.0,11.0,-0.17722355436995804
11.0,6.624359130859375,11.0,4.170042514801025,11.0,4.083035469055176,11.0,3.1279237270355225,11.0,3.664785861968994,11.0,5.0218963623046875,11.0,4.394035816192627,11.0,11.0,11.0,-0.3869022963979829
11.0,11.0,11.0,4.306044578552246,11.0,4.434889793395996,11.0,3.146426200866699,11.0,3.4688329696655273,11.0,5.231470584869385,11.0,5.468751907348633,11.0,3.1961519718170166,11.0,-0.59556340969320953
11.0,4.393387317657471,11.0,4.3676228523254395,11.0,4.8551812171936035,11.0,3.1846680641174316,11.0,3.3131933212280273,11.0,5.639142036437988,11.0,4.856887340545654,11.0,2.6229946613311768,11.0,-0.78115127137338469
11.0,4.008230686187744,11.0,4.339857578277588,11.0,5.205982685089111,11.0,3.2455825805664062,11.0,3.2024924755096436,11.0,5.2365546226501465,11.0,4.497373104095459,11.0,3.2744333744049072,11.0,-0.86998787776787101
11.0,3.8344969749450684,11.0,4.240942001342773,11.0,4.309706687927246,11.0,3.3379480838775635,11.0,3.1254029273986816,11.0,4.829871654510498,11.0,4.38548469543457,11.0,4.754624843597412,11.0,-1.0112644665427606
11.0,4.7441020011901855,11.0,4.111226558685303,11.0,3.9939188957214355,11.0,3.4684698581695557,11.0,3.081937551498413,11.0,4.435904026031494,11.0,4.386379241943359,11.0,4.6857709884643555,11.0,-1.0854774988049294
6.40912389755249,4.771337985992432,11.0,3.96089768409729,11.0,3.846357583999634,11.0,3.6461849212646484,11.0,3.0630240440368652,11.0,4.078071117401123,11.0,4.405956745147705,11.0,4.3556108474731445,11.0,-1.1176095250736546
5.5096755027771,4.2628254890441895,11.0,3.819899320602417,11.0,3.799967050552368,11.0,3.9012022018432617,11.0,3.0599615573883057,11.0,3.763634443283081,11.0,4.391420364379883,11.0,4.795401096343994,11.0,-1.1353723913545413
5.304648399353027,3.95857310295105,11.0,3.8466482162475586,11.0,3.8082756996154785,11.0,4.235234260559082,11.0,3.080472469329834,11.0,3.4986696243286133,11.0,4.377085208892822,11.0,5.4380316734313965,11.0,-1.1118333877545932
5.423073768615723,3.7848217487335205,11.0,4.223759651184082,11.0,3.8406686782836914,11.0,4.6711320877075195,11.0,3.1317009925842285,11.0,3.306274890899658,11.0,4.461799144744873,11.0,7.792088031768799,11.0,-1.0631326171214726
5.611006259918213,3.70684814453125,11.0,5.267030715942383,11.0,3.856106758117676,11.0,5.230079174041748,11.0,3.2200846672058105,11.0,3.1719980239868164,11.0,4.709198951721191,11.0,7.734317779541016,11.0,-0.94598320373951161
5.811569690704346,3.9948787689208984,11.0,4.728597164154053,11.0,3.8539044857025146,11.0,4.487431526184082,11.0,3.354175090789795,11.0,3.0855770111083984,11.0,5.351155757904053,11.0,7.7469682693481445,11.0,-0.78312295952304578
5.950311660766602,11.0,11.0,4.358891487121582,11.0,3.8354380130767822,11.0,4.073051929473877,11.0,3.5433058738708496,11.0,3.041128158569336,11.0,4.88798189163208,11.0,7.851998329162598,11.0,-0.85153925239645034
6.0691328048706055,11.0,11.0,4.109904766082764,11.0,3.8555727005004883,11.0,3.9083263874053955,11.0,3.7997848987579346,11.0,3.0261175632476807,11.0,4.168254375457764,11.0,5.252808570861816,11.0,-0.44350847686271144
6.0234761238098145,11.0,11.0,3.9125547409057617,11.0,3.9409573078155518,11.0,3.8575260639190674,11.0,4.135532855987549,11.0,3.035895824432373,11.0,3.6794681549072266,11.0,4.7115912437438965,11.0,-0.31457587529488179
5.858819007873535,11.0,11.0,3.8071694374084473,11.0,4.259907245635986,11.0,3.878309726715088,11.0,4.577526092529297,11.0,3.073748826980591,11.0,3.3495168685913086,11.0,4.3956074714660645,11.0,-0.12771048553674133
5.606882095336914,3.7191662788391113,11.0,3.7484755516052246,11.0,5.117088794708252,11.0,3.885493278503418,11.0,5.163919448852539,11.0,3.1468279361724854,11.0,3.1189208030700684,11.0,4.659750461578369,11.0,0.011216651355756486
5.329253196716309,3.724133253097534,11.0,3.722602605819702,11.0,5.085814952850342,11.0,3.8875300884246826,11.0,4.735197067260742,11.0,3.260788679122925,11.0,2.976228713989258,11.0,5.442516803741455,11.0,0.18343324532780333
5.07990026473999,3.834566116333008,11.0,3.7152392864227295,11.0,4.734772205352783,11.0,3.873027801513672,11.0,4.200888156890869,11.0,3.366666555404663,11.0,2.9635448455810547,11.0,4.113842964172363,11.0,0.30955712277113395
4.9053263664245605,4.040168285369873,11.0,3.725257396697998,11.0,4.45280647277832,11.0,3.8513455390930176,11.0,3.971104145050049,11.0,3.5370097160339355,11.0,3.099879741668701,11.0,3.398454189300537,11.0,0.44442012193033831
4.963219165802002,4.390926361083984,11.0,3.753023862838745,11.0,4.238694667816162,11.0,3.8742430210113525,11.0,3.8787553310394287,11.0,3.752718448638916,11.0,3.553180456161499,11.0,2.9816243648529053,11.0,0.51274001173182748
5.752315044403076,4.936034679412842,11.0,3.8046796321868896,11.0,4.075864315032959,11.0,3.99904727935791,11.0,3.864095687866211,11.0,4.042012691497803,11.0,11.0,11.0,3.4484639167785645,11.0,0.58553687444772018
11.0,3.5661816596984863,11.0,3.8866405487060547,11.0,3.9610347747802734,11.0,4.318822383880615,11.0,3.869169235229492,11.0,4.420104026794434,11.0,3.4996213912963867,11.0,11.0,11.0,0.60525018546510378
11.0,3.436607599258423,11.0,4.016144752502441,11.0,3.8819844722747803,11.0,5.534913539886475,11.0,3.876290798187256,11.0,4.918936729431152,11.0,3.0694143772125244,11.0,11.0,11.0,0.67227761502530881
11.0,3.6232967376708984,11.0,4.20955753326416,11.0,3.8366286754608154,11.0,4.949153900146484,11.0,3.867985963821411,11.0,5.0216240882873535,11.0,2.9478304386138916,11.0,11.0,11.0,0.68895190868727452
11.0,3.886138677597046,11.0,4.50241231918335,11.0,3.8159408569335938,11.0,4.568023681640625,11.0,3.8781070709228516,11.0,4.354543685913086,11.0,3.0046589374542236,11.0,11.0,11.0,0.61673572314330449
11.0,11.0,11.0,4.938912868499756,11.0,3.8238699436187744,11.0,4.275401592254639,11.0,3.930022716522217,11.0,4.085373878479004,11.0,3.1872787475585938,11.0,11.0,11.0,0.52561363613876411
11.0,6.179629802703857,11.0,3.8808553218841553,11.0,3.8620059490203857,11.0,4.0674238204956055,11.0,4.091696262359619,11.0,3.965451240539551,11.0,3.4438977241516113,11.0,11.0,11.0,0.39961209844721496
11.0,5.910506248474121,11.0,3.46132493019104,11.0,3.932833433151245,11.0,3.9279096126556396,11.0,4.486278057098389,11.0,3.9232687950134277,11.0,3.798609495162964,11.0,11.0,11.0,0.19813194365522815
11.0,5.808522701263428,11.0,3.4974265098571777,11.0,4.0490498542785645,11.0,3.8369648456573486,11.0,5.365104675292969,11.0,3.905641555786133,11.0,4.256227016448975,11.0,11.0,11.0,0.033128520314871783
11.0,5.814840793609619,11.0,3.628213405609131,11.0,4.21812629699707,11.0,3.7894246578216553,11.0,4.894200325012207,11.0,3.906851291656494,11.0,4.858423709869385,11.0,11.0,11.0,-0.15534703872528752
11.0,5.951878070831299,11.0,3.772562265396118,11.0,4.440009593963623,11.0,3.7742574214935303,11.0,4.547093868255615,11.0,3.9267473220825195,11.0,4.925343990325928,11.0,2.9574248790740967,11.0,-0.36030902992372138
11.0,11.0,11.0,3.905818223953247,11.0,4.732125759124756,11.0,3.7800345420837402,11.0,4.288466453552246,11.0,3.974471092224121,11.0,4.238404273986816,11.0,3.040992259979248,11.0,-0.53262641240995368
11.0,11.0,11.0,4.011855602264404,11.0,5.098963260650635,11.0,3.8072941303253174,11.0,4.088313579559326,11.0,4.079127788543701,11.0,3.979964017868042,11.0,3.4317474365234375,11.0,-0.71541094838432528
11.0,3.8930187225341797,11.0,4.0668110847473145,11.0,3.939351797103882,11.0,3.8572325706481934,11.0,3.94594669342041,11.0,4.278988838195801,11.0,3.93225359916687,11.0,4.118072032928467,11.0,-0.8337760803000791
11.0,3.6932919025421143,11.0,4.025012016296387,11.0,3.569349527359009,11.0,3.933140754699707,11.0,3.8494062423706055,11.0,4.676901817321777,11.0,4.064964294433594,11.0,5.346002101898193,11.0,-0.91050326807630177
11.0,3.5795576572418213,11.0,3.936950206756592,11.0,3.4689109325408936,11.0,4.043843746185303,11.0,3.784895420074463,11.0,5.37672758102417,11.0,4.198297023773193,11.0,4.036096572875977,11.0,-0.9510210341125811
5.36613130569458,3.947181463241577,11.0,3.8435277938842773,11.0,3.509857416152954,11.0,4.196078777313232,11.0,3.7502083778381348,11.0,4.955352306365967,11.0,4.262447357177734,11.0,3.9540343284606934,11.0,-0.99241342643925112
4.758213520050049,5.044372081756592,11.0,3.746251106262207,11.0,3.581287384033203,11.0,4.405535697937012,11.0,3.736440896987915,11.0,4.604561805725098,11.0,4.238282680511475,11.0,4.400428771972656,11.0,-0.9718899725483866
4.298887252807617,4.708951473236084,11.0,3.6550347805023193,11.0,3.6506850719451904,11.0,4.687676429748535,11.0,3.743809700012207,11.0,4.307883262634277,11.0,4.139321804046631,11.0,4.890533447265625,11.0,-0.94601809551105021
4.372803211212158,4.514273643493652,11.0,3.5838193893432617,11.0,3.7077388763427734,11.0,5.068882465362549,11.0,3.7769935131073,11.0,4.070700645446777,11.0,3.985013484954834,11.0,7.13562536239624,11.0,-0.93527980231987384
4.509936809539795,4.409921169281006,11.0,3.5618643760681152,11.0,3.7457664012908936,11.0,4.065113544464111,11.0,3.8429112434387207,11.0,3.904008150100708,11.0,3.9535951614379883,11.0,7.049434185028076,11.0,-0.87405644636862589
4.678194522857666,4.366700649261475,11.0,3.8599154949188232,11.0,3.759883403778076,11.0,3.623552083969116,11.0,3.9476747512817383,11.0,3.796584129333496,11.0,4.17929220199585,11.0,7.0685601234436035,11.0,-0.70085031501697503
4.817610740661621,4.360568523406982,11.0,5.214573860168457,11.0,3.747431993484497,11.0,3.519890308380127,11.0,4.107151031494141,11.0,3.7304372787475586,11.0,4.96510648727417,11.0,7.223011493682861,11.0,-0.50578567656297024
4.8831868171691895,4.365757942199707,11.0,4.902577877044678,11.0,3.706051826477051,11.0,3.5824368000030518,11.0,4.333096981048584,11.0,3.699669122695923,11.0,4.945372104644775,11.0,4.840550422668457,11.0,-0.32192562640057176
4.855403900146484,4.368484020233154,11.0,4.693403720855713,11.0,3.6541192531585693,11.0,3.6531407833099365,11.0,4.618916988372803,11.0,3.7034876346588135,11.0,4.449233531951904,11.0,4.46436071395874,11.0,-0.11760293737207171
4.719005107879639,4.36863374710083,11.0,4.562633991241455,11.0,3.6049070358276367,11.0,3.711477279663086,11.0,4.963328838348389,11.0,3.7283568382263184,11.0,4.10532283782959,11.0,4.121814250946045,11.0,0.084779912239560176
4.501453876495361,4.38118839263916,11.0,4.489850044250488,11.0,3.5694806575775146,11.0,3.7549338340759277,11.0,4.427145481109619,11.0,3.7703821659088135,11.0,3.856999397277832,11.0,3.973125696182251,11.0,0.27503179556347174
4.25730037689209,4.432804584503174,11.0,4.455686092376709,11.0,3.621373176574707,11.0,3.7755353450775146,11.0,3.751359462738037,11.0,3.8357324600219727,11.0,3.6723389625549316,11.0,4.515873432159424,11.0,0.48114267547898071
4.035580158233643,4.562256336212158,11.0,4.446476459503174,11.0,3.855988025665283,11.0,3.772092342376709,11.0,3.542804718017578,11.0,3.9258615970611572,11.0,3.5465874671936035,11.0,4.847279071807861,11.0,0.68021232035986612
3.882779836654663,4.824395656585693,11.0,4.460002899169922,11.0,5.399326801300049,11.0,3.743703842163086,11.0,3.5212109088897705,11.0,4.0426926612854,11.0,3.469254493713379,11.0,4.084157943725586,11.0,0.83746205052972544
4.342564105987549,3.70307993888855,11.0,4.499268531799316,11.0,5.126415729522705,11.0,3.695080041885376,11.0,3.5824503898620605,11.0,4.198867321014404,11.0,3.45971417427063,11.0,3.6600775718688965,11.0,0.96165943177069857
4.944054126739502,3.316033363342285,11.0,4.572525501251221,11.0,4.941142559051514,11.0,3.6360011100769043,11.0,3.6377546787261963,11.0,4.40834379196167,11.0,3.4968373775482178,11.0,3.4562690258026123,11.0,2.3964073703059912
11.0,3.4617104530334473,11.0,4.668898105621338,11.0,4.792754173278809,11.0,3.573148250579834,11.0,3.6720919609069824,11.0,4.674142837524414,11.0,3.510324239730835,11.0,11.0,11.0,1.6748831511876447
11.0,11.0,11.0,5.0634331703186035,11.0,4.646373271942139,11.0,3.543748378753662,11.0,3.673792839050293,11.0,4.984480857849121,11.0,3.4810357093811035,11.0,11.0,11.0,1.8615127593894782
11.0,5.053043842315674,11.0,3.4469823837280273,11.0,4.724905967712402,11.0,3.8272078037261963,11.0,3.631256103515625,11.0,4.8741326332092285,11.0,3.4639852046966553,11.0,11.0,11.0,1.813911594079787
11.0,4.500164031982422,11.0,3.3768460750579834,11.0,4.787798881530762,11.0,3.9232401847839355,11.0,3.536046266555786,11.0,4.315042972564697,11.0,3.4687461853027344,11.0,11.0,11.0,1.8667033582899197
11.0,4.228816509246826,11.0,3.45963191986084,11.0,4.876739501953125,11.0,5.265735149383545,11.0,3.531007766723633,11.0,4.379963397979736,11.0,3.4856510162353516,11.0,11.0,11.0,1.8086322449158356
11.0,4.113496780395508,11.0,3.6210875511169434,11.0,4.973714828491211,11.0,5.017529010772705,11.0,3.502650022506714,11.0,3.774174690246582,11.0,3.4941227436065674,11.0,11.0,11.0,1.3143696944881575
11.0,4.140064239501953,11.0,11.0,11.0,5.127506732940674,11.0,4.825401306152344,11.0,3.5272412300109863,11.0,3.6533615589141846,11.0,3.6187727451324463,11.0,11.0,11.0,1.1200179715872285
11.0,4.172677993774414,11.0,5.816208839416504,11.0,3.6716232299804688,11.0,4.716847896575928,11.0,3.6611227989196777,11.0,3.588597297668457,11.0,3.7739434242248535,11.0,11.0,11.0,1.0873986968335398
11.0,4.181962013244629,11.0,5.274838447570801,11.0,3.4048075675964355,11.0,4.691427707672119,11.0,3.9357028007507324,11.0,3.563856363296509,11.0,4.016193389892578,11.0,11.0,11.0,0.96887140139364059
11.0,4.149448871612549,11.0,4.951582431793213,11.0,3.335855722427368,11.0,4.650283336639404,11.0,4.524367809295654,11.0,3.5507090091705322,11.0,4.3473663330078125,11.0,11.0,11.0,0.77229469452634458
11.0,4.103384017944336,11.0,4.729587078094482,11.0,3.353297710418701,11.0,4.616851806640625,11.0,5.055882453918457,11.0,3.5381460189819336,11.0,4.850944519042969,11.0,11.0,11.0,0.68704307148277033
11.0,4.1478166580200195,11.0,4.59677267074585,11.0,3.4002504348754883,11.0,4.631880283355713,11.0,4.800170421600342,11.0,3.560654878616333,11.0,4.101594924926758,11.0,3.4329421520233154,11.0,0.5812897813660064
11.0,4.2667341232299805,11.0,4.510061264038086,11.0,3.4788637161254883,11.0,4.699020862579346,11.0,4.629388332366943,11.0,3.609065055847168,11.0,3.631741762161255,11.0,3.6535792350769043,11.0,0.44777769709588472
11.0,4.477313041687012,11.0,4.466241836547852,11.0,3.5959949493408203,11.0,4.806636333465576,11.0,4.516753196716309,11.0,3.7293038368225098,11.0,3.5762619972229004,11.0,4.090390682220459,11.0,0.40647919677800126
11.0,4.801391124725342,11.0,4.4638848304748535,11.0,11.0,11.0,4.986001968383789,11.0,4.435426235198975,11.0,4.0292277336120605,11.0,3.6263294219970703,11.0,4.699126243591309,11.0,0.30068438695297756
11.0,5.295684337615967,11.0,4.490113735198975,11.0,11.0,11.0,3.982691526412964,11.0,4.393362998962402,11.0,5.277153968811035,11.0,3.661794424057007,11.0,4.272434711456299,11.0,0.14641343905556634
11.0,11.0,11.0,4.560426235198975,11.0,5.643002986907959,11.0,3.411557197570801,11.0,4.386795520782471,11.0,4.9577813148498535,11.0,3.6552672386169434,11.0,3.639431953430176,11.0,0.051867556875429439
11.0,11.0,11.0,4.701744556427002,11.0,5.322617530822754,11.0,3.3311471939086914,11.0,4.4109978675842285,11.0,4.714147090911865,11.0,3.6193439960479736,11.0,3.581108331680298,11.0,-0.059186763071942344
11.0,3.8785617351531982,11.0,4.931285381317139,11.0,5.127142429351807,11.0,3.387319326400757,11.0,4.483623504638672,11.0,4.530801773071289,11.0,3.5893948078155518,11.0,3.698920249938965,11.0,-0.13752187045936543
11.0,3.813462972640991,11.0,5.307559967041016,11.0,5.008509159088135,11.0,3.4858736991882324,11.0,4.614867210388184,11.0,4.419823169708252,11.0,3.6280386447906494,11.0,3.8087592124938965,11.0,-0.10492420190534708
4.825292110443115,3.8080410957336426,11.0,11.0,11.0,4.966064929962158,11.0,3.627971887588501,11.0,4.810903072357178,11.0,4.360394477844238,11.0,3.7929720878601074,11.0,3.877141237258911,11.0,-0.062348470327749525
4.237570285797119,3.8361191749572754,11.0,11.0,11.0,4.9939093589782715,11.0,11.0,11.0,5.09679651260376,11.0,4.333137512207031,11.0,4.181878089904785,11.0,3.909637451171875,11.0,0.0095301092306650046
4.127136707305908,3.8818042278289795,11.0,4.001534461975098,11.0,5.080264568328857,11.0,11.0,11.0,3.6033413410186768,11.0,4.3407769203186035,11.0,5.217101097106934,11.0,3.900421380996704,11.0,0.14156865965546953
4.064598083496094,3.912168025970459,11.0,3.8190464973449707,11.0,5.238222122192383,11.0,5.80894136428833,11.0,3.360996961593628,11.0,4.378002166748047,11.0,4.93459415435791,11.0,3.83988356590271,11.0,0.2730438444157664
4.017244338989258,3.89186692237854,11.0,3.778325080871582,11.0,5.483335494995117,11.0,5.502683162689209,11.0,3.385873556137085,11.0,4.4433064460754395,11.0,4.706974029541016,11.0,3.7463998794555664,11.0,0.42239087272607323
3.9852046966552734,3.8349061012268066,11.0,3.768435478210449,11.0,11.0,11.0,5.336672306060791,11.0,3.4630017280578613,11.0,4.555346965789795,11.0,4.52827262878418,11.0,3.6370842456817627,11.0,0.60663260912842198
3.9903054237365723,3.781728506088257,11.0,3.7758803367614746,11.0,11.0,11.0,5.2513251304626465,11.0,3.5729756355285645,11.0,4.71888542175293,11.0,4.402751922607422,11.0,3.595644474029541,11.0,0.78586708364908353
4.285714626312256,3.7366342544555664,11.0,3.785769462585449,11.0,11.0,11.0,5.238522529602051,11.0,3.725085973739624,11.0,4.939884662628174,11.0,4.312833786010742,11.0,3.9164929389953613,11.0,0.93968800136959918
11.0,3.7330896854400635,11.0,3.7871551513671875,11.0,4.004997253417969,11.0,5.28925085067749,11.0,11.0,11.0,4.234516620635986,11.0,4.2530035972595215,11.0,5.124177932739258,11.0,1.0678893008585866
11.0,4.167449951171875,11.0,3.7758450508117676,11.0,3.824083089828491,11.0,5.40199613571167,11.0,11.0,11.0,3.4911344051361084,11.0,4.218184947967529,11.0,4.620169639587402,11.0,1.2039778715249538
11.0,11.0,11.0,3.7564380168914795,11.0,3.77634596824646,11.0,5.584449291229248,11.0,11.0,11.0,3.3416149616241455,11.0,4.20299768447876,11.0,4.286820411682129,11.0,1.25926525800017
11.0,4.91771936416626,11.0,3.739393711090088,11.0,3.7461323738098145,11.0,11.0,11.0,5.646243095397949,11.0,3.3632593154907227,11.0,4.211889266967773,11.0,4.088783264160156,11.0,1.2447707953080593
11.0,4.195260524749756,11.0,3.738452911376953,11.0,3.7287416458129883,11.0,11.0,11.0,5.535776615142822,11.0,3.423084259033203,11.0,4.250578880310059,11.0,3.98667573928833,11.0,1.1419700495740508
11.0,3.7741920948028564,11.0,3.780308485031128,11.0,3.719053030014038,11.0,11.0,11.0,5.495227813720703,11.0,3.510655641555786,11.0,4.329470634460449,11.0,3.946768283843994,11.0,1.0993968613374667
11.0,3.5181198120117188,11.0,4.2569684982299805,11.0,3.713351249694824,11.0,4.062741756439209,11.0,5.504848957061768,11.0,3.6280343532562256,11.0,4.470489978790283,11.0,3.955132484436035,11.0,1.0272820161105385
11.0,3.422395944595337,11.0,11.0,11.0,3.7081503868103027,11.0,3.804852247238159,11.0,5.571471691131592,11.0,3.8714075088500977,11.0,4.694156169891357,11.0,3.98455548286438,11.0,0.91737789341194953
11.0,3.527233362197876,11.0,11.0,11.0,3.7025556564331055,11.0,3.73940372467041,11.0,5.717174530029297,11.0,11.0,11.0,5.048372268676758,11.0,3.9570651054382324,11.0,0.86187368105593087
11.0,3.8059563636779785,11.0,4.9442267417907715,11.0,3.697693109512329,11.0,3.7032601833343506,11.0,11.0,11.0,11.0,11.0,3.5027694702148438,11.0,3.9524312019348145,11.0,0.63421190274355965
11.0,3.985698938369751,11.0,4.404959678649902,11.0,3.6982498168945312,11.0,3.6871466636657715,11.0,11.0,11.0,5.824425220489502,11.0,3.339171886444092,11.0,3.993579387664795,11.0,0.43485789937774433
11.0,3.97982120513916,11.0,4.040721893310547,11.0,3.7129695415496826,11.0,3.6836273670196533,11.0,11.0,11.0,5.676971912384033,11.0,3.43013334274292,11.0,4.099993705749512,11.0,0.24416827784081055
11.0,3.970553398132324,11.0,3.7992911338806152,11.0,3.7779011726379395,11.0,3.6860780715942383,11.0,3.9040634632110596,11.0,5.628682613372803,11.0,3.578530788421631,11.0,4.303685665130615,11.0,0.054775073720551376
11.0,3.7946958541870117,11.0,3.6417226791381836,11.0,4.243496417999268,11.0,3.6900923252105713,11.0,3.781564950942993,11.0,5.659459590911865,11.0,3.8462417125701904,11.0,4.6640400886535645,11.0,-0.10466182075997318
11.0,3.518249273300171,11.0,3.544083595275879,11.0,11.0,11.0,3.6924312114715576,11.0,3.73345947265625,11.0,5.730179309844971,11.0,11.0,11.0,3.8451032638549805,11.0,-0.27483898104032445
11.0,3.409954071044922,11.0,3.4875082969665527,11.0,11.0,11.0,3.691723108291626,11.0,3.704164505004883,11.0,11.0,11.0,5.657644271850586,11.0,3.2790300846099854,11.0,-0.42998116555774135
11.0,3.550264358520508,11.0,3.468663215637207,11.0,5.415235996246338,11.0,3.6892995834350586,11.0,3.6913294792175293,11.0,11.0,11.0,5.307325839996338,11.0,3.4269604682922363,11.0,-0.5769531500203704
11.0,3.917559862136841,11.0,3.485959529876709,11.0,4.94962739944458,11.0,3.6896986961364746,11.0,3.6895017623901367,11.0,11.0,11.0,5.088889122009277,11.0,3.8146750926971436,11.0,-0.71126993752729861
11.0,4.5406389236450195,11.0,3.5390467643737793,11.0,4.596479892730713,11.0,3.699598789215088,11.0,3.691488265991211,11.0,11.0,11.0,4.973489284515381,11.0,5.7151265144348145,11.0,-0.82894019270006603
11.0,5.63154411315918,11.0,3.638477087020874,11.0,4.337307453155518,11.0,3.7284798622131348,11.0,3.692568778991699,11.0,3.9116945266723633,11.0,4.940968036651611,11.0,5.173623561859131,11.0,-0.86277800997114462
11.0,11.0,11.0,3.8051254749298096,11.0,4.156925678253174,11.0,3.9015443325042725,11.0,3.690361499786377,11.0,3.792736291885376,11.0,4.976655960083008,11.0,4.871790885925293,11.0,-0.87662323189923474
11.0,4.365512371063232,11.0,4.0553879737854,11.0,4.042943477630615,11.0,11.0,11.0,3.6846604347229004,11.0,3.7321510314941406,11.0,5.0777716636657715,11.0,4.701171875,11.0,-0.93083707990017683
11.0,4.1963114738464355,11.0,4.423343181610107,11.0,3.9743685722351074,11.0,11.0,11.0,3.67797589302063,11.0,3.6929473876953125,11.0,5.259787559509277,11.0,4.612464904785156,11.0,-0.87776335678930373
3.4793708324432373,4.276756763458252,11.0,5.002364635467529,11.0,3.9455881118774414,11.0,5.592608451843262,11.0,3.675569772720337,11.0,3.67281436920166,11.0,5.533299446105957,11.0,4.569183826446533,11.0,-0.74541851783755086
3.32028865814209,4.382053852081299,11.0,11.0,11.0,3.9663925170898438,11.0,5.0480523109436035,11.0,3.682920455932617,11.0,3.663820505142212,11.0,11.0,11.0,4.557137966156006,11.0,-0.66577738711389178
3.284106969833374,4.4777069091796875,11.0,11.0,11.0,4.030205249786377,11.0,4.687096118927002,11.0,3.709717273712158,11.0,3.6604816913604736,11.0,11.0,11.0,4.575400352478027,11.0,-0.45128513358128708
3.250516176223755,4.5475568771362305,11.0,4.849079608917236,11.0,4.1385345458984375,11.0,4.426120758056641,11.0,3.783417224884033,11.0,3.6583826541900635,11.0,4.000369071960449,11.0,4.637331008911133,11.0,-0.23163310955568722
3.2089638710021973,4.520164966583252,11.0,4.208434581756592,11.0,4.322707653045654,11.0,4.241137981414795,11.0,4.41965913772583,11.0,3.65558123588562,11.0,3.776628017425537,11.0,4.758817672729492,11.0,0.016205374445813631
3.1601014137268066,4.419827938079834,11.0,4.145914554595947,11.0,4.576165676116943,11.0,4.132564067840576,11.0,11.0,11.0,3.65036678314209,11.0,3.6929078102111816,11.0,4.979555130004883,11.0,0.21450929709708338
3.1226918697357178,4.294796943664551,11.0,4.16754674911499,11.0,4.909070014953613,11.0,4.066854953765869,11.0,11.0,11.0,3.6447958946228027,11.0,3.6465415954589844,11.0,5.385456562042236,11.0,0.44976685186044846
3.2561702728271484,4.168895244598389,11.0,4.184521198272705,11.0,5.326805114746094,11.0,4.038819313049316,11.0,5.317800998687744,11.0,3.6421353816986084,11.0,3.633380889892578,11.0,11.0,11.0,0.65737829034280171
11.0,4.203842639923096,11.0,4.184962749481201,11.0,11.0,11.0,4.041579246520996,11.0,4.9241557121276855,11.0,3.644977569580078,11.0,3.657839059829712,11.0,3.921154022216797,11.0,0.85149514788817149
11.0,11.0,11.0,4.167239665985107,11.0,11.0,11.0,4.0939040184021,11.0,4.633309841156006,11.0,3.657249689102173,11.0,3.8422670364379883,11.0,3.7057249546051025,11.0,1.5328155706939215
11.0,5.062190532684326,11.0,4.1392927169799805,11.0,11.0,11.0,4.202512264251709,11.0,4.441668510437012,11.0,3.6857101917266846,11.0,5.549500942230225,11.0,3.666342258453369,11.0,1.2651048580557336
11.0,3.769653558731079,11.0,4.252213954925537,11.0,11.0,11.0,4.385569095611572,11.0,4.327526569366455,11.0,3.7841997146606445,11.0,5.446922302246094,11.0,5.57858943939209,11.0,1.3402995424791222
11.0,3.1158344745635986,11.0,11.0,11.0,11.0,11.0,4.680384635925293,11.0,4.290396213531494,11.0,4.261023044586182,11.0,5.402711868286133,11.0,5.144497394561768,11.0,1.3885822278313509
11.0,2.9168622493743896,11.0,11.0,11.0,4.699807643890381,11.0,4.889013767242432,11.0,4.313738822937012,11.0,11.0,11.0,5.410675525665283,11.0,4.920883655548096,11.0,1.4114384026155256
11.0,3.1673994064331055,11.0,11.0,11.0,4.493849277496338,11.0,5.286459445953369,11.0,4.255610942840576,11.0,11.0,11.0,5.469540119171143,11.0,4.825310707092285,11.0,1.2790370885852456
11.0,3.32011079788208,11.0,4.639523029327393,11.0,4.4483113288879395,11.0,11.0,11.0,4.304253578186035,11.0,11.0,11.0,4.181339263916016,11.0,4.796949863433838,11.0,1.0776478044403464
11.0,3.3482675552368164,11.0,3.9811925888061523,11.0,4.565674304962158,11.0,11.0,11.0,4.4158616065979,11.0,5.248284816741943,11.0,3.6568353176116943,11.0,4.791020393371582,11.0,1.005583484434305
11.0,3.510798692703247,11.0,3.5414819717407227,11.0,5.040823936462402,11.0,11.0,11.0,4.577821254730225,11.0,4.974653720855713,11.0,3.609300374984741,11.0,4.792959213256836,11.0,0.95822457195361088
11.0,3.846264362335205,11.0,3.2124550342559814,11.0,11.0,11.0,11.0,11.0,4.787655353546143,11.0,4.765260696411133,11.0,3.6154026985168457,11.0,4.811703681945801,11.0,0.72531988633718303
11.0,11.0,11.0,2.990816354751587,11.0,11.0,11.0,4.2835612297058105,11.0,5.096079349517822,11.0,4.60150146484375,11.0,3.6766345500946045,11.0,4.873808860778809,11.0,0.60976030463825637
11.0,11.0,11.0,2.9729397296905518,11.0,11.0,11.0,4.116635799407959,11.0,5.578129291534424,11.0,4.506484508514404,11.0,4.5311126708984375,11.0,5.026904582977295,11.0,0.44281912067517221
11.0,4.033807754516602,11.0,3.084739923477173,11.0,5.54325008392334,11.0,4.082855224609375,11.0,11.0,11.0,4.498992919921875,11.0,11.0,11.0,5.354971885681152,11.0,0.25480731574556148
11.0,3.5939810276031494,11.0,3.3082895278930664,11.0,4.789009094238281,11.0,4.079455852508545,11.0,11.0,11.0,4.549084186553955,11.0,5.294074058532715,11.0,3.59881329536438,11.0,0.10477678640685037
11.0,3.369614839553833,11.0,3.3682198524475098,11.0,4.227705001831055,11.0,4.118759632110596,11.0,11.0,11.0,4.633275985717773,11.0,4.8135175704956055,11.0,3.554967164993286,11.0,-0.021755125797413351
11.0,3.3214612007141113,11.0,3.3521509170532227,11.0,3.8082876205444336,11.0,4.247677803039551,11.0,4.29062032699585,11.0,4.805813312530518,11.0,4.4808454513549805,11.0,3.630979061126709,11.0,-0.14987558062236073
11.0,3.4034085273742676,11.0,3.347303867340088,11.0,3.4889206886291504,11.0,4.628334045410156,11.0,4.080852031707764,11.0,5.048070430755615,11.0,4.278655529022217,11.0,11.0,11.0,-0.26677808548773096
11.0,3.091451644897461,11.0,3.3529810905456543,11.0,3.246173143386841,11.0,11.0,11.0,4.014924049377441,11.0,5.388152599334717,11.0,4.153684616088867,11.0,5.277457237243652,11.0,-0.40176572012812484
11.0,3.087693691253662,11.0,3.3719959259033203,11.0,3.070995569229126,11.0,11.0,11.0,3.9959335327148438,11.0,11.0,11.0,4.098825454711914,11.0,4.622372627258301,11.0,-0.48417408672518847
11.0,3.4979233741760254,11.0,3.330714464187622,11.0,3.0029613971710205,11.0,11.0,11.0,3.994029998779297,11.0,11.0,11.0,4.1076836585998535,11.0,4.241231441497803,11.0,-0.56855580522097582
11.0,4.281271934509277,11.0,3.141878604888916,11.0,3.0102031230926514,11.0,4.99682092666626,11.0,4.000529766082764,11.0,11.0,11.0,4.1766037940979,11.0,4.024974822998047,11.0,-0.6359942536388592
11.0,5.656622886657715,11.0,3.0462143421173096,11.0,3.0499157905578613,11.0,4.379245281219482,11.0,4.037889003753662,11.0,4.464621067047119,11.0,4.30888032913208,11.0,3.9046685695648193,11.0,-0.62184982176779413
11.0,11.0,11.0,3.06012225151062,11.0,3.087656021118164,11.0,3.9209232330322266,11.0,4.208846569061279,11.0,4.097507953643799,11.0,4.505412578582764,11.0,3.836090326309204,11.0,-0.59260216011660083
11.0,5.750472545623779,11.0,3.282416343688965,11.0,3.1068577766418457,11.0,3.5845298767089844,11.0,5.1065287590026855,11.0,3.9994821548461914,11.0,4.7749762535095215,11.0,3.8009095191955566,11.0,-0.50691669336470535
11.0,4.963043212890625,11.0,3.7031612396240234,11.0,3.1012122631073,11.0,3.3420796394348145,11.0,11.0,11.0,3.9744973182678223,11.0,5.160953521728516,11.0,3.7953274250030518,11.0,-0.37900362631105616
11.0,4.815760135650635,11.0,4.283710956573486,11.0,3.0826973915100098,11.0,3.1616179943084717,11.0,11.0,11.0,3.9675965309143066,11.0,5.736416816711426,11.0,3.822063446044922,11.0,-0.18496184472729818
11.0,4.798130035400391,11.0,5.101441860198975,11.0,3.0626888275146484,11.0,3.0820021629333496,11.0,5.308220386505127,11.0,3.9724977016448975,11.0,11.0,11.0,3.886415481567383,11.0,0.025410125982153104
11.0,4.841853141784668,11.0,11.0,11.0,3.0734944343566895,11.0,3.070622205734253,11.0,4.653128623962402,11.0,3.9951577186584473,11.0,11.0,11.0,4.012100696563721,11.0,0.21126757354248282
11.0,5.072786331176758,11.0,11.0,11.0,3.1490836143493652,11.0,3.077042579650879,11.0,4.166738986968994,11.0,4.090744495391846,11.0,4.279122352600098,11.0,4.234347343444824,11.0,0.43706046042755403
11.0,6.660964012145996,11.0,11.0,11.0,3.3200185298919678,11.0,3.0897316932678223,11.0,3.80741024017334,11.0,4.406144142150879,11.0,3.9787180423736572,11.0,4.6196112632751465,11.0,0.66547990746017427
11.0,11.0,11.0,11.0,11.0,3.556851387023926,11.0,3.090658664703369,11.0,3.535421371459961,11.0,11.0,11.0,3.9392406940460205,11.0,5.292704105377197,11.0,0.8349116318087334
11.0,4.676418781280518,11.0,11.0,11.0,3.8376965522766113,11.0,3.078559160232544,11.0,3.332365036010742,11.0,11.0,11.0,3.9473180770874023,11.0,11.0,11.0,0.99730181426596198
11.0,3.3258230686187744,11.0,11.0,11.0,4.154723644256592,11.0,3.0668182373046875,11.0,3.1915671825408936,11.0,11.0,11.0,3.968796491622925,11.0,4.055629730224609,11.0,1.0873017403230922
11.0,2.7648963928222656,11.0,11.0,11.0,4.514102935791016,11.0,3.064643383026123,11.0,3.111546516418457,11.0,11.0,11.0,3.991270065307617,11.0,3.96506929397583,11.0,1.15481476165602
11.0,2.795396327972412,11.0,5.706104755401611,11.0,4.893431663513184,11.0,3.1025118827819824,11.0,3.0841164588928223,11.0,5.00130033493042,11.0,4.003657341003418,11.0,4.0504679679870605,11.0,1.1525315986478792
11.0,2.8884572982788086,11.0,4.644957065582275,11.0,5.273993015289307,11.0,3.218263626098633,11.0,3.0748422145843506,11.0,4.5183610916137695,11.0,3.9965109825134277,11.0,4.334874153137207,11.0,1.0783586771348121
11.0,2.8014516830444336,11.0,3.8514397144317627,11.0,5.584608554840088,11.0,3.410912275314331,11.0,3.0770821571350098,11.0,4.123331069946289,11.0,3.9696342945098877,11.0,5.909149169921875,11.0,1.0845316615401592
11.0,2.987959384918213,11.0,3.279387950897217,11.0,5.777352809906006,11.0,3.660008668899536,11.0,3.080040693283081,11.0,3.79542875289917,11.0,3.936767339706421,11.0,5.810925483703613,11.0,0.98571670598750083
11.0,11.0,11.0,2.8819589614868164,11.0,11.0,11.0,3.9796767234802246,11.0,3.0910043716430664,11.0,3.5526416301727295,11.0,3.9464733600616455,11.0,5.7796454429626465,11.0,0.92744899324802865
11.0,11.0,11.0,2.774101734161377,11.0,5.640844345092773,11.0,4.407190322875977,11.0,3.1153390407562256,11.0,3.3759734630584717,11.0,4.523563385009766,11.0,5.804011821746826,11.0,0.74669749517526418
11.0,11.0,11.0,2.8309683799743652,11.0,5.2599568367004395,11.0,4.898034572601318,11.0,3.1941254138946533,11.0,3.2518956661224365,11.0,11.0,11.0,5.891289710998535,11.0,0.50473448729087422
11.0,11.0,11.0,2.987363338470459,11.0,4.702850818634033,11.0,5.427680492401123,11.0,3.3385751247406006,11.0,3.1802167892456055,11.0,5.44137716293335,11.0,4.4035868644714355,11.0,0.30865381127352909
11.0,11.0,11.0,2.868826150894165,11.0,4.145472049713135,11.0,11.0,11.0,3.5356552600860596,11.0,3.1444857120513916,11.0,4.600602626800537,11.0,4.042555332183838,11.0,0.08328396609031799
11.0,11.0,11.0,2.82944917678833,11.0,3.6698179244995117,11.0,11.0,11.0,3.770380735397339,11.0,3.1405599117279053,11.0,4.021474361419678,11.0,3.9248721599578857,11.0,-0.14214897235250529
11.0,11.0,11.0,2.868001937866211,11.0,3.273502826690674,11.0,11.0,11.0,4.070193290710449,11.0,3.142767906188965,11.0,3.6221699714660645,11.0,3.889979362487793,11.0,-0.27010016405135973
11.0,11.0,11.0,2.9251060485839844,11.0,2.964503765106201,11.0,11.0,11.0,4.464144229888916,11.0,3.154736280441284,11.0,3.324983596801758,11.0,11.0,11.0,-0.50855638708451256
11.0,3.1425118446350098,11.0,2.973663091659546,11.0,2.816281795501709,11.0,11.0,11.0,4.936426639556885,11.0,3.187192440032959,11.0,3.16021728515625,11.0,5.172537326812744,11.0,-0.70158218175578568
11.0,2.8775644302368164,11.0,2.9746274948120117,11.0,2.780472755432129,11.0,11.0,11.0,5.482621669769287,11.0,3.2487521171569824,11.0,3.1887927055358887,11.0,4.035995960235596,11.0,-0.83689852627766737
11.0,2.942816972732544,11.0,2.9320876598358154,11.0,2.8133816719055176,11.0,5.231296539306641,11.0,11.0,11.0,3.3649425506591797,11.0,3.31907320022583,11.0,3.425285816192627,11.0,-0.96237731891220724
11.0,3.0248560905456543,11.0,2.878770112991333,11.0,2.9017820358276367,11.0,4.626887321472168,11.0,11.0,11.0,3.5359842777252197,11.0,3.477670431137085,11.0,3.11749529838562,11.0,-1.0672837295130153
11.0,2.986922264099121,11.0,2.849294424057007,11.0,3.0509676933288574,11.0,4.077396392822266,11.0,11.0,11.0,3.748213529586792,11.0,3.5509893894195557,11.0,3.2441720962524414,11.0,-1.0994119237834736
11.0,3.48271107673645,11.0,2.8823659420013428,11.0,3.000462770462036,11.0,3.6005942821502686,11.0,11.0,11.0,4.035374641418457,11.0,3.5104315280914307,11.0,3.6322975158691406,11.0,-1.0910502077118687
11.0,5.168479919433594,11.0,3.0033745765686035,11.0,2.9665892124176025,11.0,3.2133169174194336,11.0,11.0,11.0,4.4058966636657715,11.0,3.379905939102173,11.0,3.6551671028137207,11.0,-1.1180820314390512
11.0,11.0,11.0,3.021238327026367,11.0,2.94834303855896,11.0,2.933781862258911,11.0,11.0,11.0,4.851179599761963,11.0,3.2449657917022705,11.0,3.7667236328125,11.0,-1.1955812568557409
11.0,6.239563465118408,11.0,2.931748151779175,11.0,2.9444572925567627,11.0,2.843303680419922,11.0,5.547755718231201,11.0,5.332530975341797,11.0,3.1794865131378174,11.0,3.8948116302490234,11.0,-0.82483234366528435
11.0,5.605687618255615,11.0,2.9906280040740967,11.0,2.956285238265991,11.0,2.8534975051879883,11.0,4.903099060058594,11.0,11.0,11.0,3.199289560317993,11.0,3.9101178646087646,11.0,-0.73878197307806459
11.0,5.472485065460205,11.0,3.256171464920044,11.0,2.9992966651916504,11.0,2.9434261322021484,11.0,4.2827534675598145,11.0,11.0,11.0,3.3801167011260986,11.0,3.7978858947753906,11.0,-0.53807330876247428
11.0,5.457677364349365,11.0,3.946385145187378,11.0,3.044095754623413,11.0,3.0608863830566406,11.0,3.7751431465148926,11.0,11.0,11.0,3.6584081649780273,11.0,3.6739461421966553,11.0,-0.38136082719404912
11.0,5.472053527832031,11.0,4.957429885864258,11.0,3.117349863052368,11.0,3.078178882598877,11.0,3.419005870819092,11.0,11.0,11.0,4.017867088317871,11.0,3.646860122680664,11.0,-0.15413989230088565
11.0,5.593379974365234,11.0,11.0,11.0,3.029146909713745,11.0,3.031513214111328,11.0,3.0698623657226562,11.0,11.0,11.0,4.518633842468262,11.0,3.500354051589966,11.0,-0.0045097515636110131
11.0,6.139770984649658,11.0,11.0,11.0,2.957822561264038,11.0,3.000100612640381,11.0,2.883849620819092,11.0,11.0,11.0,5.366191864013672,11.0,3.20965838432312,11.0,0.17480469336529433
11.0,9.306290626525879,11.0,11.0,11.0,2.934476375579834,11.0,2.9867711067199707,11.0,2.840101480484009,11.0,5.353220462799072,11.0,11.0,11.0,3.3762097358703613,11.0,0.31627584945009152
11.0,5.58519983291626,11.0,11.0,11.0,2.961785078048706,11.0,2.9872875213623047,11.0,2.8737058639526367,11.0,4.851694107055664,11.0,11.0,11.0,3.9281058311462402,11.0,0.45470109302754358
11.0,3.151930809020996,11.0,11.0,11.0,3.06201434135437,11.0,3.009294033050537,11.0,2.9673359394073486,11.0,4.371702671051025,11.0,11.0,11.0,4.885430812835693,11.0,0.57081306704924839
11.0,2.7412161827087402,11.0,11.0,11.0,3.3045361042022705,11.0,3.054342269897461,11.0,3.1113455295562744,11.0,3.907733917236328,11.0,4.913405895233154,11.0,11.0,11.0,0.66551753945831205
11.0,2.7734487056732178,11.0,11.0,11.0,3.7071447372436523,11.0,3.127659797668457,11.0,3.078068733215332,11.0,3.5139195919036865,11.0,4.798045635223389,11.0,5.268807888031006,11.0,0.7252750141597033
11.0,2.5114493370056152,11.0,4.744483470916748,11.0,4.164299964904785,11.0,2.994694709777832,11.0,3.053154706954956,11.0,3.177502155303955,11.0,4.91300106048584,11.0,4.428505897521973,11.0,0.77022531435055708
11.0,2.4232609272003174,11.0,3.5994458198547363,11.0,4.619200229644775,11.0,2.926668405532837,11.0,3.045841932296753,11.0,2.9313056468963623,11.0,5.61351203918457,11.0,4.470874786376953,11.0,0.82253805100516397
11.0,2.601881980895996,11.0,2.9394607543945312,11.0,4.985395908355713,11.0,2.9211363792419434,11.0,3.0550713539123535,11.0,2.8464341163635254,11.0,11.0,11.0,4.5402750968933105,11.0,0.78731730902095054
11.0,3.4471888542175293,11.0,2.7666256427764893,11.0,5.124804496765137,11.0,2.9890878200531006,11.0,3.0809736251831055,11.0,2.850419521331787,11.0,11.0,11.0,4.58834981918335,11.0,0.69398130021742255
11.0,11.0,11.0,2.7679924964904785,11.0,4.9449028968811035,11.0,3.197392463684082,11.0,3.129685878753662,11.0,2.910456418991089,11.0,5.502615451812744,11.0,4.597099781036377,11.0,0.57689075287311153
11.0,11.0,11.0,2.7173991203308105,11.0,4.520164966583252,11.0,3.581270694732666,11.0,3.0355887413024902,11.0,3.0036582946777344,11.0,4.537694454193115,11.0,4.564163684844971,11.0,0.45384897085887949
11.0,11.0,11.0,2.500950574874878,11.0,3.9693431854248047,11.0,4.024322032928467,11.0,2.9489309787750244,11.0,3.1086478233337402,11.0,3.8430752754211426,11.0,4.496865749359131,11.0,0.2635319634593441
11.0,11.0,11.0,2.458815574645996,11.0,3.3861336708068848,11.0,4.503802299499512,11.0,2.908914089202881,11.0,3.1465048789978027,11.0,3.3453989028930664,11.0,4.419507026672363,11.0,0.070541848493657966
11.0,11.0,11.0,2.5382943153381348,11.0,2.9509048461914062,11.0,4.919214725494385,11.0,2.919288158416748,11.0,3.1372222900390625,11.0,2.989177703857422,11.0,4.589215278625488,11.0,-0.1436107958830361
11.0,11.0,11.0,2.7128400802612305,11.0,2.7919249534606934,11.0,5.159245014190674,11.0,3.0051333904266357,11.0,3.1468453407287598,11.0,2.8648271560668945,11.0,11.0,11.0,-0.33366919743942708
11.0,11.0,11.0,2.9978461265563965,11.0,2.7417500019073486,11.0,5.183651447296143,11.0,3.2077808380126953,11.0,3.15395450592041,11.0,2.90531587600708,11.0,11.0,11.0,-0.50600721804905835
11.0,11.0,11.0,3.434871196746826,11.0,2.7646477222442627,11.0,4.996886253356934,11.0,3.5704214572906494,11.0,3.089613199234009,11.0,3.085470199584961,11.0,4.211451530456543,11.0,-0.68388880534299734
11.0,3.166177749633789,11.0,3.640559673309326,11.0,2.8205504417419434,11.0,4.631554126739502,11.0,4.004817008972168,11.0,3.023513078689575,11.0,3.1248302459716797,11.0,3.292039394378662,11.0,-0.81424112878156873
11.0,2.6664319038391113,11.0,3.4806699752807617,11.0,2.6507821083068848,11.0,4.148768424987793,11.0,4.501284599304199,11.0,2.972136974334717,11.0,3.0668537616729736,11.0,2.827827215194702,11.0,-0.90789101458945343
11.0,2.5581212043762207,11.0,3.124842643737793,11.0,2.536576509475708,11.0,3.6098806858062744,11.0,4.9925055503845215,11.0,2.945511817932129,11.0,3.0527634620666504,11.0,2.909982919692993,11.0,-1.0284495028527425
11.0,2.731321334838867,11.0,2.8572089672088623,11.0,2.494699239730835,11.0,3.110745668411255,11.0,5.349399089813232,11.0,2.9598512649536133,11.0,3.0643255710601807,11.0,3.080186367034912,11.0,-1.0635212223371895
11.0,3.0456702709198,11.0,2.6840202808380127,11.0,2.504556894302368,11.0,2.871455192565918,11.0,5.52331018447876,11.0,3.040572166442871,11.0,3.0618958473205566,11.0,3.0586066246032715,11.0,-0.99710536298429664
11.0,3.1204349994659424,11.0,2.5750515460968018,11.0,2.540400981903076,11.0,2.7775230407714844,11.0,5.429172992706299,11.0,3.2584433555603027,11.0,3.0544002056121826,11.0,3.2625715732574463,11.0,-0.97683692859194349
11.0,3.8093457221984863,11.0,2.5356204509735107,11.0,2.576345443725586,11.0,2.778869152069092,11.0,5.057355880737305,11.0,3.6358754634857178,11.0,3.0805468559265137,11.0,11.0,11.0,-0.95457669420403801
11.0,11.0,11.0,2.5778980255126953,11.0,2.6169614791870117,11.0,2.856790065765381,11.0,4.564498424530029,11.0,4.061014175415039,11.0,3.150738000869751,11.0,11.0,11.0,-0.8711707090260552
11.0,7.980912685394287,11.0,2.759613275527954,11.0,2.6375362873077393,11.0,2.7443759441375732,11.0,3.9964818954467773,11.0,4.536853790283203,11.0,3.1238651275634766,11.0,11.0,11.0,-0.68267079214409254
11.0,6.875589847564697,11.0,3.032172203063965,11.0,2.6344332695007324,11.0,2.6006174087524414,11.0,3.395559310913086,11.0,4.999040603637695,11.0,2.9765169620513916,11.0,11.0,11.0,-0.48395617657254536
11.0,6.615230560302734,11.0,3.0146358013153076,11.0,2.6040892601013184,11.0,2.549072742462158,11.0,2.9613802433013916,11.0,5.283064842224121,11.0,2.959942102432251,11.0,3.4806981086730957,11.0,-0.27874821405805855
11.0,6.6522603034973145,11.0,3.083386182785034,11.0,2.578372001647949,11.0,2.55521297454834,11.0,2.8097150325775146,11.0,5.338305473327637,11.0,3.0987014770507812,11.0,3.170647621154785,11.0,-0.09364125451174031
11.0,7.044379234313965,11.0,3.240828514099121,11.0,2.561681032180786,11.0,2.584113359451294,11.0,2.7694530487060547,11.0,5.176374435424805,11.0,3.5079185962677,11.0,3.0832366943359375,11.0,0.14431827092893365
11.0,8.607800483703613,11.0,3.55354642868042,11.0,2.569450855255127,11.0,2.615601062774658,11.0,2.8020434379577637,11.0,4.880485534667969,11.0,4.151590347290039,11.0,3.1809489727020264,11.0,0.36082585096659381
11.0,6.224602222442627,11.0,4.182504653930664,11.0,2.6217827796936035,11.0,2.64508056640625,11.0,2.841160774230957,11.0,4.445122241973877,11.0,5.199979305267334,11.0,3.0194597244262695,11.0,0.53148877822526042
11.0,3.0435078144073486,11.0,4.336095333099365,11.0,2.7403817176818848,11.0,2.6488208770751953,11.0,2.6788554191589355,11.0,3.9735426902770996,11.0,11.0,11.0,3.058330774307251,11.0,-0.30160384923934691
11.0,2.9489102363586426,11.0,3.706941604614258,11.0,2.9038243293762207,11.0,2.634861469268799,11.0,2.575150966644287,11.0,3.515453815460205,11.0,11.0,11.0,3.8117592334747314,11.0,-0.10556101989865392
11.0,2.920361042022705,11.0,4.467854976654053,11.0,3.031012773513794,11.0,2.6209218502044678,11.0,2.5371108055114746,11.0,3.090535879135132,11.0,7.017302513122559,11.0,5.463595390319824,11.0,-0.10871629711614342
11.0,2.5191524028778076,11.0,4.740880489349365,11.0,3.0023884773254395,11.0,2.6271936893463135,11.0,2.5611190795898438,11.0,2.825552463531494,11.0,6.05291223526001,11.0,11.0,11.0,0.0019620833875824864
11.0,2.2845563888549805,11.0,4.31730318069458,11.0,3.079739570617676,11.0,2.5838489532470703,11.0,2.6864070892333984,11.0,2.72587513923645,11.0,7.138910293579102,11.0,5.617737770080566,11.0,0.075584285604855264
11.0,2.2237002849578857,11.0,3.3700766563415527,11.0,3.2883033752441406,11.0,2.605900764465332,11.0,2.741973876953125,11.0,2.8252370357513428,11.0,11.0,11.0,5.1777777671813965,11.0,0.048746773362434909
11.0,2.286470413208008,11.0,3.082280158996582,11.0,3.9691362380981445,11.0,2.7455155849456787,11.0,2.74126935005188,11.0,2.7620749473571777,11.0,5.331590175628662,11.0,5.173251152038574,11.0,-0.0299027325476518
11.0,2.473440408706665,11.0,2.9377803802490234,11.0,4.987303256988525,11.0,3.0220835208892822,11.0,2.700730800628662,11.0,2.622683048248291,11.0,3.9451940059661865,11.0,5.664914608001709,11.0,-0.17732521558983624
11.0,2.8244478702545166,11.0,2.897881031036377,11.0,5.697972297668457,11.0,2.9940097332000732,11.0,2.6503171920776367,11.0,2.5843770503997803,11.0,3.108091354370117,11.0,6.158663749694824,11.0,-0.29415777402414667
11.0,3.206407308578491,11.0,2.59830379486084,11.0,5.647735118865967,11.0,3.019606351852417,11.0,2.616201877593994,11.0,2.6088709831237793,11.0,2.8007776737213135,11.0,8.229302406311035,11.0,-0.34172305502272032
11.0,3.5584614276885986,11.0,2.3253164291381836,11.0,4.898144245147705,11.0,3.1123344898223877,11.0,2.6084961891174316,11.0,2.665012836456299,11.0,2.7441883087158203,11.0,11.0,11.0,-0.45167390388484385
11.0,3.7848899364471436,11.0,2.233799934387207,11.0,3.7705130577087402,11.0,3.3185629844665527,11.0,2.6442527770996094,11.0,2.7265424728393555,11.0,2.8378074169158936,11.0,11.0,11.0,-0.55805538767941787
11.0,3.838042736053467,11.0,2.2306344509124756,11.0,3.2020578384399414,11.0,4.064070701599121,11.0,2.7790608406066895,11.0,2.765894651412964,11.0,2.73547625541687,11.0,4.884425640106201,11.0,-0.69220085292480715
11.0,3.6433582305908203,11.0,2.288240909576416,11.0,3.014023780822754,11.0,5.227928161621094,11.0,3.028982400894165,11.0,2.7637526988983154,11.0,2.606027603149414,11.0,3.534501314163208,11.0,-0.84008101002008728
11.0,3.306788444519043,11.0,2.391118049621582,11.0,2.919699192047119,11.0,6.412629127502441,11.0,3.01076602935791,11.0,2.725499153137207,11.0,2.6268820762634277,11.0,2.8134496212005615,11.0,-0.96706650543222794
11.0,2.9238414764404297,11.0,2.518871307373047,11.0,2.8969452381134033,11.0,11.0,11.0,3.0346267223358154,11.0,2.6829569339752197,11.0,2.7505946159362793,11.0,2.7032060623168945,11.0,-1.0599255671463781
11.0,2.5756640434265137,11.0,2.641669750213623,11.0,2.6327738761901855,11.0,6.180312633514404,11.0,3.1296799182891846,11.0,2.6525473594665527,11.0,2.96465802192688,11.0,2.844102144241333,11.0,-1.1472016642064697
11.0,2.3817343711853027,11.0,2.6995625495910645,11.0,2.373591899871826,11.0,4.835287570953369,11.0,3.332190990447998,11.0,2.6566169261932373,11.0,3.391493320465088,11.0,2.6041321754455566,11.0,-1.2191700506694676
11.0,2.3221330642700195,11.0,2.6782686710357666,11.0,2.2763075828552246,11.0,3.5136563777923584,11.0,3.94425106048584,11.0,2.72473406791687,11.0,4.134613513946533,11.0,2.5903568267822266,11.0,-1.2554413784328924
11.0,2.40179443359375,11.0,2.59041690826416,11.0,2.2507123947143555,11.0,3.143202304840088,11.0,4.885674953460693,11.0,2.895533561706543,11.0,4.2800188064575195,11.0,2.858989715576172,11.0,-1.2628120091078181
11.0,2.9114885330200195,11.0,2.4874799251556396,11.0,2.270803928375244,11.0,2.9857676029205322,11.0,5.798958778381348,11.0,3.064117193222046,11.0,3.7331645488739014,11.0,11.0,11.0,-1.2024066925648043
11.0,3.273447036743164,11.0,2.3967843055725098,11.0,2.319347620010376,11.0,2.915152072906494,11.0,6.305784225463867,11.0,3.023878574371338,11.0,3.1082723140716553,11.0,11.0,11.0,-1.1626764507377851
11.0,3.804832935333252,11.0,2.3372840881347656,11.0,2.378695249557495,11.0,2.9214975833892822,11.0,6.061886310577393,11.0,3.0699615478515625,11.0,2.8660941123962402,11.0,11.0,11.0,-1.1051280763666491
11.0,7.684696674346924,11.0,2.3172593116760254,11.0,2.4392106533050537,11.0,2.5447936058044434,11.0,5.087298393249512,11.0,3.2122931480407715,11.0,2.727206230163574,11.0,11.0,11.0,-0.99651484593497197
11.0,7.029619216918945,11.0,2.3537466526031494,11.0,2.484184503555298,11.0,2.3503730297088623,11.0,3.887281894683838,11.0,3.5792253017425537,11.0,2.6803369522094727,11.0,11.0,11.0,-0.84458545075804214
11.0,6.928767204284668,11.0,2.477626323699951,11.0,2.491490364074707,11.0,2.290050506591797,11.0,3.2022905349731445,11.0,4.413019180297852,11.0,2.757497787475586,11.0,11.0,11.0,-0.68383310519291007
11.0,7.073676109313965,11.0,2.9168272018432617,11.0,2.461622714996338,11.0,2.2912750244140625,11.0,3.0070104598999023,11.0,5.322164058685303,11.0,3.0125300884246826,11.0,11.0,11.0,-0.47817543144879421
11.0,7.121374607086182,11.0,3.202075481414795,11.0,2.4214959144592285,11.0,2.328491687774658,11.0,2.918210744857788,11.0,6.1144304275512695,11.0,3.0198452472686768,11.0,4.196279048919678,11.0,-0.27626036848158608
11.0,6.9993896484375,11.0,3.327414035797119,11.0,2.37253475189209,11.0,2.385474920272827,11.0,2.901925802230835,11.0,6.438841819763184,11.0,3.0651943683624268,11.0,2.9281392097473145,11.0,-0.10069730392479755
11.0,6.969817638397217,11.0,3.525834798812866,11.0,2.3423142433166504,11.0,2.4513511657714844,11.0,2.6501283645629883,11.0,6.024211406707764,11.0,3.3326404094696045,11.0,2.721892833709717,11.0,0.089204195894881919
11.0,7.368091583251953,11.0,9.724915504455566,11.0,2.3304479122161865,11.0,2.508211374282837,11.0,2.394035816192627,11.0,4.984414577484131,11.0,4.776727199554443,11.0,2.793391466140747,11.0,0.25629097450438482
11.0,3.569247245788574,11.0,9.13581657409668,11.0,2.343547821044922,11.0,2.539017677307129,11.0,2.2952892780303955,11.0,3.92952823638916,11.0,11.0,11.0,3.0924651622772217,11.0,0.41704393097955156
11.0,3.1335742473602295,11.0,9.05318832397461,11.0,2.391418695449829,11.0,2.5287435054779053,11.0,2.267179489135742,11.0,3.2314083576202393,11.0,8.339140892028809,11.0,3.132972002029419,11.0,0.55554430887084938
11.0,2.237226724624634,11.0,9.429924964904785,11.0,2.496906042098999,11.0,2.4791526794433594,11.0,2.284390449523926,11.0,3.014451503753662,11.0,6.681480884552002,11.0,4.320173263549805,11.0,0.71822077190607958
11.0,2.095385789871216,11.0,3.4700067043304443,11.0,2.7241735458374023,11.0,2.4188878536224365,11.0,2.325753927230835,11.0,2.9010696411132812,11.0,6.299709320068359,11.0,11.0,11.0,0.78894800008538279
11.0,2.1667048931121826,11.0,3.256592273712158,11.0,3.1379809379577637,11.0,2.3586251735687256,11.0,2.370995044708252,11.0,2.8523988723754883,11.0,6.210049152374268,11.0,6.360090732574463,11.0,0.8645806886071854
11.0,2.4666600227355957,11.0,3.135908365249634,11.0,3.1559677124023438,11.0,2.31830096244812,11.0,2.4139013290405273,11.0,2.8590219020843506,11.0,6.304453372955322,11.0,5.97266149520874,11.0,0.88491663415739641
11.0,2.937814950942993,11.0,2.4460983276367188,11.0,3.1807408332824707,11.0,2.3116371631622314,11.0,2.4303464889526367,11.0,2.5406150817871094,11.0,6.6453375816345215,11.0,6.263771057128906,11.0,0.92355439267119732
11.0,11.0,11.0,2.2121121883392334,11.0,3.1954739093780518,11.0,2.346053123474121,11.0,2.424729347229004,11.0,2.363694190979004,11.0,7.899869918823242,11.0,6.524648666381836,11.0,0.8819527660739569
11.0,11.0,11.0,2.1303577423095703,11.0,3.18753719329834,11.0,2.4398601055145264,11.0,2.3937995433807373,11.0,2.2961792945861816,11.0,11.0,11.0,6.694240093231201,11.0,0.8208124623940789
11.0,11.0,11.0,2.1528444290161133,11.0,3.1516177654266357,11.0,2.659883975982666,11.0,2.35897159576416,11.0,2.286653995513916,11.0,4.977814674377441,11.0,6.73823881149292,11.0,0.67939853442987475
11.0,11.0,11.0,2.3015267848968506,11.0,3.1069250106811523,11.0,3.0842931270599365,11.0,2.3227193355560303,11.0,2.3049097061157227,11.0,3.148155927658081,11.0,6.593279838562012,11.0,0.47112114959589951
11.0,11.0,11.0,2.5694022178649902,11.0,2.9612584114074707,11.0,3.1042139530181885,11.0,2.3103933334350586,11.0,2.3307101726531982,11.0,2.9084067344665527,11.0,6.351606845855713,11.0,0.27855681605659632
11.0,11.0,11.0,2.907559394836426,11.0,2.415447235107422,11.0,3.140960454940796,11.0,2.3253214359283447,11.0,2.359607219696045,11.0,2.8624184131622314,11.0,6.053916931152344,11.0,0.083773749211538462
11.0,11.0,11.0,3.3079581260681152,11.0,2.2334847450256348,11.0,3.1699259281158447,11.0,2.3755171298980713,11.0,2.3745198249816895,11.0,2.6655919551849365,11.0,6.0316481590271,11.0,-0.15711335506246882
11.0,11.0,11.0,11.0,11.0,2.148249387741089,11.0,3.185218095779419,11.0,2.4801430702209473,11.0,2.3795113563537598,11.0,2.3885340690612793,11.0,7.650632858276367,11.0,-0.32921717541995255
11.0,11.0,11.0,11.0,11.0,2.1183886528015137,11.0,3.1830763816833496,11.0,2.7261059284210205,11.0,2.375124454498291,11.0,2.3132176399230957,11.0,5.7560505867004395,11.0,-0.52133659498868767
11.0,11.0,11.0,11.0,11.0,2.135586738586426,11.0,3.159043073654175,11.0,3.0828475952148438,11.0,2.361910581588745,11.0,2.3488118648529053,11.0,2.9603495597839355,11.0,-0.7110430205345285
11.0,11.0,11.0,11.0,11.0,2.2009551525115967,11.0,3.119379758834839,11.0,3.1120662689208984,11.0,2.3572144508361816,11.0,2.4725639820098877,11.0,2.8142948150634766,11.0,-0.82362099377962128
11.0,3.191497325897217,11.0,11.0,11.0,2.325119972229004,11.0,3.0814852714538574,11.0,3.167691230773926,11.0,2.3530173301696777,11.0,2.687370538711548,11.0,2.3502843379974365,11.0,-0.97158104196343442
11.0,2.7815768718719482,11.0,11.0,11.0,2.4887754917144775,11.0,2.750258207321167,11.0,3.226806163787842,11.0,2.371623992919922,11.0,2.9985196590423584,11.0,2.264939308166504,11.0,-1.0021401783277175
11.0,2.523017406463623,11.0,11.0,11.0,2.6712138652801514,11.0,2.3765833377838135,11.0,3.266303062438965,11.0,2.4203972816467285,11.0,3.1560919284820557,11.0,2.47795033454895,11.0,-1.0177814189957355
11.0,2.410658121109009,11.0,3.3088810443878174,11.0,2.8479950428009033,11.0,2.230375289916992,11.0,3.274951457977295,11.0,2.5286571979522705,11.0,3.117830514907837,11.0,3.360269784927368,11.0,-1.0108675319380656
11.0,2.46388840675354,11.0,3.0392422676086426,11.0,3.0124146938323975,11.0,2.1642136573791504,11.0,3.2433435916900635,11.0,2.8069653511047363,11.0,2.9108052253723145,11.0,11.0,11.0,-0.98964897656028239
11.0,2.713200569152832,11.0,2.806015729904175,11.0,3.1443254947662354,11.0,2.152776002883911,11.0,3.1847786903381348,11.0,3.085775136947632,11.0,2.6541740894317627,11.0,11.0,11.0,-0.98078963062882496
11.0,3.7350282669067383,11.0,2.613192319869995,11.0,3.224546432495117,11.0,2.1966092586517334,11.0,3.1171553134918213,11.0,3.112311840057373,11.0,2.4922077655792236,11.0,11.0,11.0,-0.93526907191955533
11.0,8.123472213745117,11.0,2.4634950160980225,11.0,3.2480900287628174,11.0,2.310234785079956,11.0,3.06152081489563,11.0,3.16176700592041,11.0,2.3946692943573,11.0,11.0,11.0,-0.71157393920342404
11.0,7.773651123046875,11.0,2.3842568397521973,11.0,3.204744577407837,11.0,2.514327049255371,11.0,2.595309257507324,11.0,3.2172327041625977,11.0,2.3725085258483887,11.0,11.0,11.0,-0.48789939294578843
11.0,7.699626445770264,11.0,2.3854918479919434,11.0,3.080076217651367,11.0,2.731520175933838,11.0,2.304267168045044,11.0,3.241719961166382,11.0,2.430366277694702,11.0,11.0,11.0,-0.24690767754301948
11.0,7.7387847900390625,11.0,2.4452412128448486,11.0,2.93941593170166,11.0,2.909269332885742,11.0,2.192634105682373,11.0,3.2261762619018555,11.0,2.6333494186401367,11.0,3.7394230365753174,11.0,-0.068187179223137578
11.0,7.9466047286987305,11.0,2.5385587215423584,11.0,2.8024656772613525,11.0,3.058171272277832,11.0,2.1531729698181152,11.0,3.181142568588257,11.0,3.062183380126953,11.0,2.8843021392822266,11.0,-0.73435481798051683
11.0,8.004117012023926,11.0,2.641122817993164,11.0,2.685582160949707,11.0,3.180271625518799,11.0,2.1633663177490234,11.0,3.126339912414551,11.0,3.1034765243530273,11.0,2.493335247039795,11.0,-0.3766979634809085
11.0,3.855766534805298,11.0,3.5935587882995605,11.0,2.605128049850464,11.0,3.322486400604248,11.0,2.236372709274292,11.0,3.065276622772217,11.0,3.2845234870910645,11.0,2.396836042404175,11.0,-0.27321390252276734
11.0,2.838775157928467,11.0,3.721139907836914,11.0,2.4541587829589844,11.0,3.52523136138916,11.0,2.435877799987793,11.0,3.0116384029388428,11.0,11.0,11.0,2.554489850997925,11.0,-0.12735700952206724
11.0,2.392315626144409,11.0,3.829352378845215,11.0,2.383150577545166,11.0,3.312960624694824,11.0,2.780550956726074,11.0,2.463686227798462,11.0,9.77713394165039,11.0,3.08530855178833,11.0,-0.045280362700180522
11.0,2.250537872314453,11.0,3.842132091522217,11.0,2.386915683746338,11.0,3.105196475982666,11.0,2.9784274101257324,11.0,2.1938111782073975,11.0,9.894418716430664,11.0,3.182070732116699,11.0,0.088470202928629477
11.0,2.242332696914673,11.0,3.7407708168029785,11.0,2.4411187171936035,11.0,2.8930251598358154,11.0,3.1479508876800537,11.0,2.1410470008850098,11.0,3.600860118865967,11.0,3.4086079597473145,11.0,0.15149795141744912
11.0,2.340970993041992,11.0,3.596646308898926,11.0,2.5457234382629395,11.0,2.7037293910980225,11.0,3.2572669982910156,11.0,2.142857313156128,11.0,3.344334840774536,11.0,3.7175590991973877,11.0,0.17512407904538782
11.0,2.496835231781006,11.0,2.585554838180542,11.0,2.692153215408325,11.0,2.537785291671753,11.0,3.2981116771698,11.0,2.2089879512786865,11.0,3.15547513961792,11.0,11.0,11.0,0.13731235081582691
11.0,2.7056472301483154,11.0,2.3685240745544434,11.0,2.89658784866333,11.0,2.4119298458099365,11.0,3.249349355697632,11.0,2.359125852584839,11.0,3.0419809818267822,11.0,8.40723991394043,11.0,0.20685247772892024
11.0,3.070033311843872,11.0,2.26530385017395,11.0,3.5338242053985596,11.0,2.35524320602417,11.0,3.1454296112060547,11.0,2.5615546703338623,11.0,2.985093116760254,11.0,7.478620529174805,11.0,0.15729825857194057
11.0,8.373615264892578,11.0,2.238820791244507,11.0,3.5399911403656006,11.0,2.3494033813476562,11.0,3.0002658367156982,11.0,2.7734451293945312,11.0,2.4348134994506836,11.0,7.235045433044434,11.0,0.10712019598001339
11.0,11.0,11.0,2.3061769008636475,11.0,2.8839969635009766,11.0,2.392597198486328,11.0,2.834484100341797,11.0,2.9720466136932373,11.0,2.215224027633667,11.0,7.327358722686768,11.0,0.0090831455207910864
11.0,11.0,11.0,2.4168760776519775,11.0,2.6138787269592285,11.0,2.4755101203918457,11.0,2.655669927597046,11.0,3.1215832233428955,11.0,2.1389734745025635,11.0,7.959566593170166,11.0,-0.12391562428922707
11.0,11.0,11.0,2.5679402351379395,11.0,2.435105562210083,11.0,2.600025177001953,11.0,2.5076863765716553,11.0,3.18239688873291,11.0,2.145167350769043,11.0,9.527894973754883,11.0,-0.25269066172858373
11.0,11.0,11.0,2.7542152404785156,11.0,2.313892126083374,11.0,2.7683956623077393,11.0,2.391916036605835,11.0,3.1814582347869873,11.0,2.2221691608428955,11.0,3.3406622409820557,11.0,-0.43751197591813179
11.0,11.0,11.0,3.0087716579437256,11.0,2.2453219890594482,11.0,3.478877305984497,11.0,2.339940071105957,11.0,3.110525131225586,11.0,2.4024317264556885,11.0,3.050259590148926,11.0,-0.58321493950758696
11.0,11.0,11.0,8.135812759399414,11.0,2.229818820953369,11.0,3.4857337474823,11.0,2.3346757888793945,11.0,2.9946811199188232,11.0,2.6624104976654053,11.0,2.7853193283081055,11.0,-0.73252693870089369
11.0,8.862939834594727,11.0,8.395025253295898,11.0,2.2741849422454834,11.0,2.8263750076293945,11.0,2.371206283569336,11.0,2.860055923461914,11.0,2.9614200592041016,11.0,2.2183709144592285,11.0,-0.85334808259281225
11.0,8.05689525604248,11.0,8.696035385131836,11.0,2.3508925437927246,11.0,2.652134895324707,11.0,2.445805549621582,11.0,2.721336603164673,11.0,3.2834322452545166,11.0,2.1044020652770996,11.0,-1.0136021240038011
11.0,3.0963010787963867,11.0,8.720288276672363,11.0,2.4469428062438965,11.0,2.505476236343384,11.0,2.558753490447998,11.0,2.595594644546509,11.0,3.6566596031188965,11.0,2.1790919303894043,11.0,-1.1050471210522212
11.0,2.8241758346557617,11.0,8.412344932556152,11.0,2.561432361602783,11.0,2.387685537338257,11.0,2.711813449859619,11.0,2.480067729949951,11.0,11.0,11.0,2.553978681564331,11.0,-1.1515097880196783
11.0,2.6797564029693604,11.0,8.174137115478516,11.0,2.6853153705596924,11.0,2.2992513179779053,11.0,2.989248275756836,11.0,2.3941502571105957,11.0,11.0,11.0,3.210559368133545,11.0,-1.1599640376965519
11.0,2.6035027503967285,11.0,3.4190351963043213,11.0,2.8106372356414795,11.0,2.252546787261963,11.0,3.4769437313079834,11.0,2.3550989627838135,11.0,11.0,11.0,11.0,11.0,-1.1138691136545447
11.0,2.586017370223999,11.0,3.054255723953247,11.0,2.9390130043029785,11.0,2.2490577697753906,11.0,3.4752447605133057,11.0,2.358001232147217,11.0,3.7258028984069824,11.0,11.0,11.0,-1.0581212374554865
11.0,2.656416416168213,11.0,2.8792200088500977,11.0,3.0743377208709717,11.0,2.298218250274658,11.0,2.842073917388916,11.0,2.406325578689575,11.0,3.3323137760162354,11.0,11.0,11.0,-0.98497816345176559
11.0,2.8727049827575684,11.0,2.7623660564422607,11.0,3.2123866081237793,11.0,2.3812124729156494,11.0,2.6342568397521973,11.0,2.4992125034332275,11.0,3.0262603759765625,11.0,11.0,11.0,-0.92903017422275291
11.0,4.529128551483154,11.0,2.6718828678131104,11.0,3.288383960723877,11.0,2.4898223876953125,11.0,2.4704957008361816,11.0,2.6387686729431152,11.0,2.7508647441864014,11.0,11.0,11.0,-0.79204846970090104
11.0,8.405197143554688,11.0,2.607142448425293,11.0,3.2793586254119873,11.0,2.6212682723999023,11.0,2.3442745208740234,11.0,2.8775079250335693,11.0,2.5212812423706055,11.0,11.0,11.0,-0.61564322041732322
11.0,8.7377290725708,11.0,2.571866273880005,11.0,3.174140453338623,11.0,2.7678780555725098,11.0,2.2618377208709717,11.0,3.450137138366699,11.0,2.3781635761260986,11.0,11.0,11.0,-0.42238159100722755
11.0,8.828474998474121,11.0,2.5623865127563477,11.0,3.040837526321411,11.0,2.906196117401123,11.0,2.2351953983306885,11.0,3.4626951217651367,11.0,2.34415864944458,11.0,11.0,11.0,-0.21485993312817037
11.0,8.575387954711914,11.0,2.582153558731079,11.0,2.9215426445007324,11.0,3.0580615997314453,11.0,2.263333797454834,11.0,3.444969415664673,11.0,2.3992440700531006,11.0,3.505098581314087,11.0,-0.041170607591378208
11.0,8.35592269897461,11.0,2.6280570030212402,11.0,2.831295967102051,11.0,3.218989849090576,11.0,2.3377363681793213,11.0,2.799434185028076,11.0,2.552623748779297,11.0,2.950806140899658,11.0,0.13931881331236937
11.0,2.7600011825561523,11.0,2.6803107261657715,11.0,2.752352714538574,11.0,3.365007162094116,11.0,2.433044910430908,11.0,2.5800235271453857,11.0,3.4207801818847656,11.0,2.5640835762023926,11.0,0.26070621180503117
11.0,2.553961992263794,11.0,2.70215106010437,11.0,2.684058427810669,11.0,3.4518465995788574,11.0,2.5451295375823975,11.0,2.431222677230835,11.0,3.6050503253936768,11.0,2.385725975036621,11.0,0.43600640831783039
11.0,2.4992713928222656,11.0,2.694302558898926,11.0,2.6288840770721436,11.0,3.3623805046081543,11.0,2.672934055328369,11.0,2.3180744647979736,11.0,8.599279403686523,11.0,2.466531753540039,11.0,0.61318874076939456
11.0,2.501741886138916,11.0,2.64805269241333,11.0,2.5850448608398438,11.0,3.2086269855499268,11.0,2.805251121520996,11.0,2.2380800247192383,11.0,7.850083827972412,11.0,3.4495463371276855,11.0,0.76494691220104449
11.0,2.57283616065979,11.0,2.586452007293701,11.0,2.5544676780700684,11.0,3.0349578857421875,11.0,2.929598331451416,11.0,2.1960995197296143,11.0,7.625570297241211,11.0,3.974792718887329,11.0,0.87204564070927193
11.0,2.7820658683776855,11.0,2.539496421813965,11.0,2.5350563526153564,11.0,2.890965700149536,11.0,3.048696517944336,11.0,2.1985530853271484,11.0,7.597624778747559,11.0,7.611128330230713,11.0,0.94067493240213751
11.0,7.406281471252441,11.0,2.5172417163848877,11.0,2.5236778259277344,11.0,2.777921676635742,11.0,3.1134934425354004,11.0,2.252329111099243,11.0,7.712661266326904,11.0,7.509465217590332,11.0,1.0083944888291483
11.0,7.926647663116455,11.0,2.5152692794799805,11.0,2.516140937805176,11.0,2.6805155277252197,11.0,3.1226556301116943,11.0,2.337716579437256,11.0,8.034324645996094,11.0,8.125014305114746,11.0,1.0025225194411478
11.0,11.0,11.0,2.5434021949768066,11.0,2.507890224456787,11.0,2.601327419281006,11.0,3.079235315322876,11.0,2.439357280731201,11.0,3.7501707077026367,11.0,11.0,11.0,0.96471894248343648
11.0,11.0,11.0,2.610886812210083,11.0,2.4974818229675293,11.0,2.5412049293518066,11.0,2.991060495376587,11.0,2.5542192459106445,11.0,3.462120771408081,11.0,11.0,11.0,0.84595383715145434
11.0,11.0,11.0,2.7511301040649414,11.0,2.485227346420288,11.0,2.5003082752227783,11.0,2.891336441040039,11.0,2.6688168048858643,11.0,2.5353949069976807,11.0,11.0,11.0,0.6871917420959468
11.0,11.0,11.0,3.1491036415100098,11.0,2.4761011600494385,11.0,2.475594997406006,11.0,2.798206090927124,11.0,2.7716598510742188,11.0,2.2946412563323975,11.0,11.0,11.0,0.54236110856687014
11.0,11.0,11.0,7.590493679046631,11.0,2.4733893871307373,11.0,2.4646222591400146,11.0,2.7076146602630615,11.0,2.8587074279785156,11.0,2.2017500400543213,11.0,8.4227876663208,11.0,0.30430736424920418
11.0,11.0,11.0,7.950942516326904,11.0,2.4810445308685303,11.0,2.462312936782837,11.0,2.629880905151367,11.0,2.9163498878479004,11.0,2.2055885791778564,11.0,7.758452415466309,11.0,0.071382689416750925
11.0,11.0,11.0,8.995697021484375,11.0,2.5048112869262695,11.0,2.4635164737701416,11.0,2.566502809524536,11.0,2.941673517227173,11.0,2.302443265914917,11.0,7.418263912200928,11.0,-0.15622006966611926
11.0,11.0,11.0,11.0,11.0,2.5465924739837646,11.0,2.4647653102874756,11.0,2.518442392349243,11.0,2.9372596740722656,11.0,2.4569618701934814,11.0,3.891305685043335,11.0,-0.39947996794345625
11.0,11.0,11.0,11.0,11.0,2.607056140899658,11.0,2.4655568599700928,11.0,2.488755941390991,11.0,2.90556001663208,11.0,2.6540277004241943,11.0,2.645827054977417,11.0,-0.59097441722290367
11.0,11.0,11.0,11.0,11.0,2.6884095668792725,11.0,2.465371608734131,11.0,2.4718785285949707,11.0,2.8666701316833496,11.0,2.8969063758850098,11.0,2.186272621154785,11.0,-0.76715013369353924
11.0,8.526123046875,11.0,11.0,11.0,2.830223321914673,11.0,2.464601993560791,11.0,2.4666433334350586,11.0,2.8143157958984375,11.0,3.3014159202575684,11.0,2.155094623565674,11.0,-0.88784700115826709
11.0,7.687131404876709,11.0,11.0,11.0,3.0929675102233887,11.0,2.467006206512451,11.0,2.4687981605529785,11.0,2.7511398792266846,11.0,9.537531852722168,11.0,2.397118091583252,11.0,-1.0064464338049428
11.0,3.690974473953247,11.0,11.0,11.0,7.4821696281433105,11.0,2.4745914936065674,11.0,2.4834465980529785,11.0,2.684206247329712,11.0,11.0,11.0,2.8137712478637695,11.0,-1.0353809638340372
11.0,3.0064659118652344,11.0,8.554497718811035,11.0,7.6346116065979,11.0,2.49235463142395,11.0,2.4902758598327637,11.0,2.614413261413574,11.0,11.0,11.0,11.0,11.0,-1.0927554771469026
11.0,2.9031941890716553,11.0,7.9078521728515625,11.0,7.782159328460693,11.0,2.5263102054595947,11.0,2.48771595954895,11.0,2.5516304969787598,11.0,11.0,11.0,11.0,11.0,-1.0980427509983228
11.0,2.906043529510498,11.0,7.659420013427734,11.0,7.91758918762207,11.0,2.579537868499756,11.0,2.4744739532470703,11.0,2.4992315769195557,11.0,11.0,11.0,11.0,11.0,-1.0757444988939806
11.0,2.960085868835449,11.0,7.466553688049316,11.0,8.021798133850098,11.0,2.658736228942871,11.0,2.454251527786255,11.0,2.4636714458465576,11.0,8.679370880126953,11.0,11.0,11.0,-0.97757067504394191
11.0,3.045151948928833,11.0,3.192135810852051,11.0,8.071918487548828,11.0,2.7814559936523438,11.0,2.4469621181488037,11.0,2.4443230628967285,11.0,3.203423023223877,11.0,11.0,11.0,-0.92076369617080311
11.0,3.1712148189544678,11.0,2.956300735473633,11.0,8.014817237854004,11.0,3.0122809410095215,11.0,2.449784755706787,11.0,2.4464828968048096,11.0,2.926063060760498,11.0,11.0,11.0,-0.69020702926294919
11.0,3.3022470474243164,11.0,2.8760180473327637,11.0,7.933706283569336,11.0,7.562305927276611,11.0,2.4656925201416016,11.0,2.4520771503448486,11.0,2.7410061359405518,11.0,11.0,11.0,-0.49039512225002546
11.0,3.348450183868408,11.0,2.8594820499420166,11.0,7.799412727355957,11.0,7.746345520019531,11.0,2.497586727142334,11.0,2.4532132148742676,11.0,2.600800037384033,11.0,11.0,11.0,-0.25445034538870936
11.0,3.2633514404296875,11.0,2.866464138031006,11.0,7.659243583679199,11.0,7.889416217803955,11.0,2.5492892265319824,11.0,2.4462790489196777,11.0,2.5036025047302246,11.0,11.0,11.0,-0.46112495315076862
11.0,3.1883068084716797,11.0,2.8866629600524902,11.0,7.532951831817627,11.0,8.01339340209961,11.0,2.6161274909973145,11.0,2.430528163909912,11.0,2.4395439624786377,11.0,11.0,11.0,-0.1801387255293215
11.0,3.0664281845092773,11.0,2.9241585731506348,11.0,3.6792473793029785,11.0,8.19167709350586,11.0,2.7074272632598877,11.0,2.410719156265259,11.0,2.4196817874908447,11.0,3.153604745864868,11.0,-0.050083743193678927
11.0,2.950460195541382,11.0,2.9537811279296875,11.0,3.1214256286621094,11.0,8.456482887268066,11.0,2.89284086227417,11.0,2.402806520462036,11.0,2.468975782394409,11.0,2.7708792686462402,11.0,0.097921211069339306
11.0,2.8461146354675293,11.0,2.9714558124542236,11.0,2.9573941230773926,11.0,8.222691535949707,11.0,7.566153049468994,11.0,2.4036662578582764,11.0,2.5698208808898926,11.0,2.5481886863708496,11.0,0.2511405886641635
11.0,2.7722747325897217,11.0,2.9689724445343018,11.0,2.8779373168945312,11.0,7.9938507080078125,11.0,7.737156391143799,11.0,2.4258968830108643,11.0,2.6762921810150146,11.0,2.442833662033081,11.0,0.32498470791550949
11.0,2.7639005184173584,11.0,2.9420320987701416,11.0,2.8492681980133057,11.0,7.825970649719238,11.0,7.906678676605225,11.0,2.459754228591919,11.0,2.6846556663513184,11.0,2.486734390258789,11.0,0.39008445839650074
11.0,2.9563851356506348,11.0,2.9006824493408203,11.0,2.8370614051818848,11.0,7.653316497802734,11.0,8.047739028930664,11.0,2.5153284072875977,11.0,2.682663679122925,11.0,2.6503372192382812,11.0,0.50911133322012037
11.0,7.086737155914307,11.0,2.853264331817627,11.0,2.835904121398926,11.0,7.501820087432861,11.0,8.206609725952148,11.0,2.5934760570526123,11.0,2.605980396270752,11.0,3.8799543380737305,11.0,0.56004012493832833
11.0,7.208492755889893,11.0,2.805903673171997,11.0,2.8399553298950195,11.0,3.1922945976257324,11.0,8.263773918151855,11.0,2.69490647315979,11.0,2.5128180980682373,11.0,8.25847053527832,11.0,0.60353970945192092
11.0,7.489468574523926,11.0,2.7732348442077637,11.0,2.8418490886688232,11.0,2.9544050693511963,11.0,8.1305513381958,11.0,2.8733298778533936,11.0,2.424708366394043,11.0,7.991708755493164,11.0,0.59288728714001704
11.0,8.665852546691895,11.0,2.786982536315918,11.0,2.837709426879883,11.0,2.8503236770629883,11.0,7.961749076843262,11.0,3.2323737144470215,11.0,2.3709464073181152,11.0,8.005614280700684,11.0,0.53430573786001656
11.0,11.0,11.0,2.932788372039795,11.0,2.8243110179901123,11.0,2.808830499649048,11.0,7.803771018981934,11.0,7.72493314743042,11.0,2.377027988433838,11.0,8.044931411743164,11.0,0.43168196396351211
11.0,11.0,11.0,7.1080732345581055,11.0,2.803852081298828,11.0,2.787956953048706,11.0,7.635540962219238,11.0,7.876526832580566,11.0,2.4090921878814697,11.0,7.999048233032227,11.0,0.30243147651131563
11.0,11.0,11.0,7.165343761444092,11.0,2.7796690464019775,11.0,2.782407522201538,11.0,3.6208064556121826,11.0,7.982687473297119,11.0,2.468989610671997,11.0,8.009603500366211,11.0,0.1440846485232605
11.0,11.0,11.0,7.303852081298828,11.0,2.757503032684326,11.0,2.786433219909668,11.0,3.0907673835754395,11.0,8.03425121307373,11.0,2.558910369873047,11.0,4.18208122253418,11.0,-0.015843037435555755
11.0,11.0,11.0,7.508944511413574,11.0,2.7444863319396973,11.0,2.793490171432495,11.0,2.9212324619293213,11.0,8.022582054138184,11.0,2.681190013885498,11.0,2.7624993324279785,11.0,-0.21579638080634023
11.0,11.0,11.0,8.127220153808594,11.0,2.7567451000213623,11.0,2.7983829975128174,11.0,2.8317956924438477,11.0,7.955189228057861,11.0,2.8913493156433105,11.0,2.4428462982177734,11.0,-0.38621147774734282
11.0,11.0,11.0,11.0,11.0,2.8358373641967773,11.0,2.797896385192871,11.0,2.795961856842041,11.0,7.845975875854492,11.0,7.678569793701172,11.0,2.3426408767700195,11.0,-0.56080268915524967
11.0,11.0,11.0,11.0,11.0,3.020071268081665,11.0,2.791473388671875,11.0,2.7788987159729004,11.0,7.72098445892334,11.0,7.972721099853516,11.0,2.3751327991485596,11.0,-0.72185542608533304
11.0,8.363885879516602,11.0,11.0,11.0,7.1160454750061035,11.0,2.780791997909546,11.0,2.776369571685791,11.0,7.597382068634033,11.0,8.596511840820312,11.0,2.4831740856170654,11.0,-0.86280765684119309
11.0,7.505676746368408,11.0,11.0,11.0,7.15915060043335,11.0,2.7672414779663086,11.0,2.7827582359313965,11.0,3.330824375152588,11.0,11.0,11.0,2.694892168045044,11.0,-0.94262661478813836
11.0,7.327949523925781,11.0,11.0,11.0,7.237074375152588,11.0,2.754781723022461,11.0,2.7917652130126953,11.0,3.0738344192504883,11.0,11.0,11.0,7.814932346343994,11.0,-0.98953356528382475
11.0,7.325076103210449,11.0,8.430498123168945,11.0,7.33797025680542,11.0,2.7493457794189453,11.0,2.7986865043640137,11.0,2.9314656257629395,11.0,11.0,11.0,9.42313289642334,11.0,-1.0059548292889295
11.0,3.3881707191467285,11.0,7.842304706573486,11.0,7.451324939727783,11.0,2.757615327835083,11.0,2.8001832962036133,11.0,2.8468387126922607,11.0,11.0,11.0,11.0,11.0,-1.016013812751781
11.0,3.1723594665527344,11.0,7.504761219024658,11.0,7.565013885498047,11.0,2.8226563930511475,11.0,2.7953438758850098,11.0,2.803163528442383,11.0,11.0,11.0,11.0,11.0,-0.98509558027825417
11.0,3.187044382095337,11.0,7.370176792144775,11.0,7.734426975250244,11.0,2.993307113647461,11.0,2.7830324172973633,11.0,2.775768518447876,11.0,8.701863288879395,11.0,11.0,11.0,-0.96794939222751397
11.0,3.2989163398742676,11.0,7.293218612670898,11.0,7.886088848114014,11.0,7.154709339141846,11.0,2.7656288146972656,11.0,2.764303684234619,11.0,8.004775047302246,11.0,11.0,11.0,-0.88950664966809889
11.0,3.430955410003662,11.0,7.287429332733154,11.0,7.910473346710205,11.0,7.216710090637207,11.0,2.748569965362549,11.0,2.7630300521850586,11.0,7.702960968017578,11.0,11.0,11.0,-0.67616164583199312
11.0,3.536721706390381,11.0,3.5591909885406494,11.0,7.790924549102783,11.0,7.321283340454102,11.0,2.7386672496795654,11.0,2.7656068801879883,11.0,3.181858777999878,11.0,11.0,11.0,-0.51444679973068297
11.0,3.5968356132507324,11.0,3.2416231632232666,11.0,7.603723049163818,11.0,7.446584701538086,11.0,2.742734670639038,11.0,2.76729416847229,11.0,2.913815975189209,11.0,11.0,11.0,-0.3321694733785085
11.0,3.5921547412872314,11.0,3.14351749420166,11.0,7.504568576812744,11.0,7.558964252471924,11.0,2.7873921394348145,11.0,2.7642436027526855,11.0,2.808178186416626,11.0,11.0,11.0,-0.13741744650335513
11.0,3.5134987831115723,11.0,3.13436222076416,11.0,7.412539005279541,11.0,7.702441215515137,11.0,2.9013705253601074,11.0,2.756345748901367,11.0,2.7591490745544434,11.0,11.0,11.0,0.049007939430031067
11.0,3.3783040046691895,11.0,3.162869691848755,11.0,7.340121746063232,11.0,7.925257682800293,11.0,3.1957194805145264,11.0,2.742264747619629,11.0,2.739762544631958,11.0,8.072548866271973,11.0,0.22473863255835488
11.0,3.2221620082855225,11.0,3.193859338760376,11.0,7.296403408050537,11.0,8.054128646850586,11.0,7.188827037811279,11.0,2.723374843597412,11.0,2.7487382888793945,11.0,3.3857104778289795,11.0,0.43372266968595852
11.0,3.104128122329712,11.0,3.2074365615844727,11.0,7.286083698272705,11.0,8.033981323242188,11.0,7.269848346710205,11.0,2.7062950134277344,11.0,2.7817461490631104,11.0,2.8798434734344482,11.0,0.61441901131941568
11.0,3.1880669593811035,11.0,3.193732738494873,11.0,7.333950042724609,11.0,7.874111175537109,11.0,7.378019332885742,11.0,2.694218158721924,11.0,2.8324975967407227,11.0,2.78300142288208,11.0,0.74602491474510402
11.0,11.0,11.0,3.156071186065674,11.0,3.42038631439209,11.0,7.6407856941223145,11.0,7.4951605796813965,11.0,2.6911163330078125,11.0,2.900498628616333,11.0,2.7847917079925537,11.0,0.88048927287942202
11.0,7.072447299957275,11.0,3.1211822032928467,11.0,3.244511365890503,11.0,7.516778945922852,11.0,7.600769996643066,11.0,2.7021830081939697,11.0,2.951296329498291,11.0,2.879934787750244,11.0,0.99561040066237116
11.0,7.088101863861084,11.0,3.119032144546509,11.0,3.150692939758301,11.0,7.4088664054870605,11.0,7.726180553436279,11.0,2.766897678375244,11.0,2.9515490531921387,11.0,3.2428979873657227,11.0,1.0286504611121765
11.0,7.504369735717773,11.0,3.200396776199341,11.0,3.1098732948303223,11.0,7.318159580230713,11.0,7.836981296539307,11.0,2.9155046939849854,11.0,2.9096922874450684,11.0,8.840856552124023,11.0,1.039461259240378
11.0,11.0,11.0,3.509751081466675,11.0,3.0865979194641113,11.0,7.263838768005371,11.0,7.812497615814209,11.0,3.2899515628814697,11.0,2.8389785289764404,11.0,9.970793724060059,11.0,1.0385156897535159
11.0,11.0,11.0,7.200162410736084,11.0,3.0738773345947266,11.0,7.251081943511963,11.0,7.690547466278076,11.0,7.20660400390625,11.0,2.7742013931274414,11.0,11.0,11.0,0.88346020609482823
11.0,11.0,11.0,7.101062774658203,11.0,3.070399284362793,11.0,3.5028162002563477,11.0,7.583227634429932,11.0,7.3001580238342285,11.0,2.720071315765381,11.0,11.0,11.0,0.86297628920409442
11.0,11.0,11.0,7.105915546417236,11.0,3.080155611038208,11.0,3.2123939990997314,11.0,7.485901832580566,11.0,7.407235622406006,11.0,2.683297872543335,11.0,11.0,11.0,0.71515487845769676
11.0,11.0,11.0,7.197277069091797,11.0,3.098480224609375,11.0,3.098330020904541,11.0,7.387231349945068,11.0,7.50778341293335,11.0,2.672548294067383,11.0,11.0,11.0,0.454521019514257
11.0,11.0,11.0,7.675836086273193,11.0,3.1802778244018555,11.0,3.046626329421997,11.0,7.307821750640869,11.0,7.585081577301025,11.0,2.695146322250366,11.0,9.714241027832031,11.0,0.26319750372802442
11.0,11.0,11.0,11.0,11.0,3.3974883556365967,11.0,3.0271551609039307,11.0,7.255661487579346,11.0,7.638167858123779,11.0,2.821627378463745,11.0,8.714813232421875,11.0,0.069944311265301734
11.0,11.0,11.0,11.0,11.0,7.384586334228516,11.0,3.0268073081970215,11.0,7.245650291442871,11.0,7.630341053009033,11.0,3.2415409088134766,11.0,2.9012269973754883,11.0,-0.23828971579847372
11.0,11.0,11.0,11.0,11.0,7.134340763092041,11.0,3.0290238857269287,11.0,3.4132330417633057,11.0,7.603271007537842,11.0,7.285070896148682,11.0,2.7152187824249268,11.0,-0.43122700329893476
11.0,11.0,11.0,11.0,11.0,7.094447612762451,11.0,3.0316619873046875,11.0,3.1848690509796143,11.0,7.5637288093566895,11.0,7.493281841278076,11.0,2.6333723068237305,11.0,-0.63629823474907532
11.0,11.0,11.0,11.0,11.0,7.094044208526611,11.0,3.036496162414551,11.0,3.084841251373291,11.0,7.502635955810547,11.0,7.910547733306885,11.0,2.6330509185791016,11.0,-0.77681272464200468
11.0,11.0,11.0,11.0,11.0,7.126994609832764,11.0,3.059507369995117,11.0,3.0427722930908203,11.0,7.438429355621338,11.0,8.936652183532715,11.0,2.9439334869384766,11.0,-0.92870862911429819
11.0,7.404016494750977,11.0,11.0,11.0,7.188249111175537,11.0,3.0968642234802246,11.0,3.0298852920532227,11.0,7.379329204559326,11.0,11.0,11.0,7.365991592407227,11.0,-1.0195628176936193
11.0,7.288546085357666,11.0,11.0,11.0,7.277988433837891,11.0,3.1896471977233887,11.0,3.0267348289489746,11.0,7.324436664581299,11.0,11.0,11.0,8.4514741897583,11.0,-1.070680674568864
11.0,7.404040813446045,11.0,11.0,11.0,7.543490886688232,11.0,3.431313991546631,11.0,3.024324893951416,11.0,7.290207386016846,11.0,11.0,11.0,11.0,11.0,-1.1008354206349342
11.0,11.0,11.0,7.984104633331299,11.0,7.873233795166016,11.0,7.249673366546631,11.0,3.0214056968688965,11.0,3.558647394180298,11.0,11.0,11.0,11.0,11.0,-1.0799395384814829
11.0,3.729403018951416,11.0,7.402995586395264,11.0,8.149459838867188,11.0,7.1438822746276855,11.0,3.0176286697387695,11.0,3.2050819396972656,11.0,11.0,11.0,11.0,11.0,-1.0678679126110755
11.0,3.6021993160247803,11.0,7.272209644317627,11.0,8.319411277770996,11.0,7.130183696746826,11.0,3.0155603885650635,11.0,3.071934461593628,11.0,8.932822227478027,11.0,11.0,11.0,-1.0325782963412298
11.0,3.673273801803589,11.0,7.25733757019043,11.0,8.363948822021484,11.0,7.16347074508667,11.0,3.0304903984069824,11.0,3.0118582248687744,11.0,7.995242118835449,11.0,11.0,11.0,-0.93776686848691104
11.0,3.842885971069336,11.0,7.3301825523376465,11.0,8.276458740234375,11.0,7.241596698760986,11.0,3.0897111892700195,11.0,2.9945228099823,11.0,7.572205066680908,11.0,11.0,11.0,-0.69234626148801848
